rho	NashEq	LabInv	LabSym	thetaThr	network	relax	status	objval	sumEta	time	nnodes	tolopt	nvars	nconstraints
0.100000	0	0	0	1.000000	phidata_network80.txt	0	101	2.000000	2	6.344000	66	0.000000	2944	3680	
0.500000	0	0	0	1.000000	phidata_network80.txt	0	101	1.000000	1	20.220000	2012	0.000000	2944	3680	
1.000000	0	0	0	1.000000	phidata_network80.txt	0	101	1.000000	1	12.996000	1669	0.000000	2944	3680	
0.100000	0	0	0	1.000000	phidata_network90.txt	0	101	2.000000	2	6.324000	66	0.000000	2944	3680	
0.500000	0	0	0	1.000000	phidata_network90.txt	0	101	1.000000	1	20.286000	2012	0.000000	2944	3680	
1.000000	0	0	0	1.000000	phidata_network90.txt	0	101	1.000000	1	13.017000	1669	0.000000	2944	3680	
0.100000	1	0	0	1.000000	phidata_network80.txt	0	101	3.000000	3	93.982000	5131	0.000000	3864	5849	
0.500000	1	0	0	1.000000	phidata_network80.txt	0	101	1.000000	1	15.549000	1946	0.000000	3864	5849	
1.000000	1	0	0	1.000000	phidata_network80.txt	0	101	1.000000	1	9.953000	1443	0.000000	3864	5849	
0.100000	1	0	0	1.000000	phidata_network90.txt	0	101	3.000000	3	93.974000	5131	0.000000	3864	5849	
0.500000	1	0	0	1.000000	phidata_network90.txt	0	101	1.000000	1	15.536000	1946	0.000000	3864	5849	
1.000000	1	0	0	1.000000	phidata_network90.txt	0	101	1.000000	1	9.929000	1443	0.000000	3864	5849	
0.100000	0	0	0	0.900000	phidata_network80.txt	0	101	2.000000	2	8.798000	1756	0.000000	2944	3680	
0.500000	0	0	0	0.900000	phidata_network80.txt	0	101	1.000000	1	33.691000	3552	0.000000	2944	3680	
1.000000	0	0	0	0.900000	phidata_network80.txt	0	101	1.000000	1	138.327000	5805	0.000000	2944	3680	
0.100000	0	0	0	0.900000	phidata_network90.txt	0	101	2.000000	2	8.844000	1756	0.000000	2944	3680	
0.500000	0	0	0	0.900000	phidata_network90.txt	0	101	1.000000	1	34.634000	3552	0.000000	2944	3680	
1.000000	0	0	0	0.900000	phidata_network90.txt	0	101	1.000000	1	138.271000	5805	0.000000	2944	3680	
0.100000	1	0	0	0.900000	phidata_network80.txt	0	101	3.000000	3	36.901000	3200	0.000000	3864	5849	
0.500000	1	0	0	0.900000	phidata_network80.txt	0	101	1.000000	1	11.362000	2889	0.000000	3864	5849	
1.000000	1	0	0	0.900000	phidata_network80.txt	0	101	1.000000	1	28.061000	3453	0.000000	3864	5849	
0.100000	1	0	0	0.900000	phidata_network90.txt	0	101	3.000000	3	36.213000	3200	0.000000	3864	5849	
0.500000	1	0	0	0.900000	phidata_network90.txt	0	101	1.000000	1	11.337000	2889	0.000000	3864	5849	
1.000000	1	0	0	0.900000	phidata_network90.txt	0	101	1.000000	1	27.857000	3453	0.000000	3864	5849	
0.100000	0	0	0	0.800000	phidata_network80.txt	0	101	2.000000	2	10.662000	1871	0.000000	2944	3680	
0.500000	0	0	0	0.800000	phidata_network80.txt	0	101	1.000000	1	43.278000	2843	0.000000	2944	3680	
1.000000	0	0	0	0.800000	phidata_network80.txt	0	101	2.000000	2	163.452000	5154	0.000000	2944	3680	
0.100000	0	0	0	0.800000	phidata_network90.txt	0	101	2.000000	2	10.738000	1871	0.000000	2944	3680	
0.500000	0	0	0	0.800000	phidata_network90.txt	0	101	1.000000	1	43.367000	2843	0.000000	2944	3680	
1.000000	0	0	0	0.800000	phidata_network90.txt	0	101	2.000000	2	163.873000	5154	0.000000	2944	3680	
0.100000	1	0	0	0.800000	phidata_network80.txt	0	101	3.000000	3	72.818000	5478	0.000000	3864	5849	
0.500000	1	0	0	0.800000	phidata_network80.txt	0	101	1.000000	1	64.232000	6745	0.000000	3864	5849	
1.000000	1	0	0	0.800000	phidata_network80.txt	0	101	2.000000	2	138.593000	8095	0.000000	3864	5849	
0.100000	1	0	0	0.800000	phidata_network90.txt	0	101	3.000000	3	70.507000	5478	0.000000	3864	5849	
0.500000	1	0	0	0.800000	phidata_network90.txt	0	101	1.000000	1	63.630000	6745	0.000000	3864	5849	
1.000000	1	0	0	0.800000	phidata_network90.txt	0	101	2.000000	2	137.948000	8095	0.000000	3864	5849	
0.100000	0	0	0	0.700000	phidata_network80.txt	0	101	3.000000	3	137.605000	5406	0.000000	2944	3680	
0.500000	0	0	0	0.700000	phidata_network80.txt	0	101	2.000000	2	447.404000	34082	0.000000	2944	3680	
1.000000	0	0	0	0.700000	phidata_network80.txt	0	101	3.000000	3	123.647000	5951	0.000000	2944	3680	
0.100000	0	0	0	0.700000	phidata_network90.txt	0	101	3.000000	3	136.783000	5406	0.000000	2944	3680	
0.500000	0	0	0	0.700000	phidata_network90.txt	0	101	2.000000	2	448.270000	34082	0.000000	2944	3680	
1.000000	0	0	0	0.700000	phidata_network90.txt	0	101	3.000000	3	125.491000	5951	0.000000	2944	3680	
0.100000	1	0	0	0.700000	phidata_network80.txt	0	101	5.000000	5	58.855000	4305	0.000000	3864	5849	
0.500000	1	0	0	0.700000	phidata_network80.txt	0	101	2.000000	2	42.329000	4404	0.000000	3864	5849	
1.000000	1	0	0	0.700000	phidata_network80.txt	0	101	3.000000	3	54.247000	5155	0.000000	3864	5849	
0.100000	1	0	0	0.700000	phidata_network90.txt	0	101	5.000000	5	58.917000	4305	0.000000	3864	5849	
0.500000	1	0	0	0.700000	phidata_network90.txt	0	101	2.000000	2	42.286000	4404	0.000000	3864	5849	
1.000000	1	0	0	0.700000	phidata_network90.txt	0	101	3.000000	3	54.582000	5155	0.000000	3864	5849	
0.100000	0	0	0	1.000000	phidata_network80.txt	1	101	0.408710	0	0.238000	0	0.000000	2944	3680	
0.500000	0	0	0	1.000000	phidata_network80.txt	1	101	0.273059	0	0.603000	0	0.000000	2944	3680	
1.000000	0	0	0	1.000000	phidata_network80.txt	1	101	0.239429	0	0.757000	0	0.000000	2944	3680	
0.100000	0	0	0	1.000000	phidata_network90.txt	1	101	0.408710	0	0.244000	0	0.000000	2944	3680	
0.500000	0	0	0	1.000000	phidata_network90.txt	1	101	0.273059	0	0.591000	0	0.000000	2944	3680	
1.000000	0	0	0	1.000000	phidata_network90.txt	1	101	0.239429	0	0.778000	0	0.000000	2944	3680	
0.100000	1	0	0	1.000000	phidata_network80.txt	1	101	0.408709	0	0.294000	0	0.000000	3864	5849	
0.500000	1	0	0	1.000000	phidata_network80.txt	1	101	0.273059	0	0.452000	0	0.000000	3864	5849	
1.000000	1	0	0	1.000000	phidata_network80.txt	1	101	0.239429	0	0.584000	0	0.000000	3864	5849	
0.100000	1	0	0	1.000000	phidata_network90.txt	1	101	0.408709	0	0.269000	0	0.000000	3864	5849	
0.500000	1	0	0	1.000000	phidata_network90.txt	1	101	0.273059	0	0.468000	0	0.000000	3864	5849	
1.000000	1	0	0	1.000000	phidata_network90.txt	1	101	0.239429	0	0.531000	0	0.000000	3864	5849	
0.100000	0	0	0	0.900000	phidata_network80.txt	1	101	0.408710	0	0.230000	0	0.000000	2944	3680	
0.500000	0	0	0	0.900000	phidata_network80.txt	1	101	0.273059	0	0.282000	0	0.000000	2944	3680	
1.000000	0	0	0	0.900000	phidata_network80.txt	1	101	0.239430	0	0.279000	0	0.000000	2944	3680	
0.100000	0	0	0	0.900000	phidata_network90.txt	1	101	0.408710	0	0.222000	0	0.000000	2944	3680	
0.500000	0	0	0	0.900000	phidata_network90.txt	1	101	0.273059	0	0.282000	0	0.000000	2944	3680	
1.000000	0	0	0	0.900000	phidata_network90.txt	1	101	0.239430	0	0.321000	0	0.000000	2944	3680	
0.100000	1	0	0	0.900000	phidata_network80.txt	1	101	0.408709	0	0.239000	0	0.000000	3864	5849	
0.500000	1	0	0	0.900000	phidata_network80.txt	1	101	0.273059	0	0.604000	0	0.000000	3864	5849	
1.000000	1	0	0	0.900000	phidata_network80.txt	1	101	0.239429	0	0.591000	0	0.000000	3864	5849	
0.100000	1	0	0	0.900000	phidata_network90.txt	1	101	0.408709	0	0.241000	0	0.000000	3864	5849	
0.500000	1	0	0	0.900000	phidata_network90.txt	1	101	0.273059	0	0.586000	0	0.000000	3864	5849	
1.000000	1	0	0	0.900000	phidata_network90.txt	1	101	0.239429	0	0.585000	0	0.000000	3864	5849	
0.100000	0	0	0	0.800000	phidata_network80.txt	1	101	0.410652	0	0.243000	0	0.000000	2944	3680	
0.500000	0	0	0	0.800000	phidata_network80.txt	1	101	0.274807	0	0.234000	0	0.000000	2944	3680	
1.000000	0	0	0	0.800000	phidata_network80.txt	1	101	0.242744	0	0.684000	0	0.000000	2944	3680	
0.100000	0	0	0	0.800000	phidata_network90.txt	1	101	0.410652	0	0.215000	0	0.000000	2944	3680	
0.500000	0	0	0	0.800000	phidata_network90.txt	1	101	0.274807	0	0.252000	0	0.000000	2944	3680	
1.000000	0	0	0	0.800000	phidata_network90.txt	1	101	0.242744	0	0.686000	0	0.000000	2944	3680	
0.100000	1	0	0	0.800000	phidata_network80.txt	1	101	0.410651	0	0.439000	0	0.000000	3864	5849	
0.500000	1	0	0	0.800000	phidata_network80.txt	1	101	0.274807	0	0.570000	0	0.000000	3864	5849	
1.000000	1	0	0	0.800000	phidata_network80.txt	1	101	0.242744	0	0.567000	0	0.000000	3864	5849	
0.100000	1	0	0	0.800000	phidata_network90.txt	1	101	0.410651	0	0.448000	0	0.000000	3864	5849	
0.500000	1	0	0	0.800000	phidata_network90.txt	1	101	0.274807	0	0.586000	0	0.000000	3864	5849	
1.000000	1	0	0	0.800000	phidata_network90.txt	1	101	0.242744	0	0.568000	0	0.000000	3864	5849	
0.100000	0	0	0	0.700000	phidata_network80.txt	1	101	0.423422	0	0.185000	0	0.000000	2944	3680	
0.500000	0	0	0	0.700000	phidata_network80.txt	1	101	0.297895	0	0.260000	0	0.000000	2944	3680	
1.000000	0	0	0	0.700000	phidata_network80.txt	1	101	0.284196	0	0.278000	0	0.000000	2944	3680	
0.100000	0	0	0	0.700000	phidata_network90.txt	1	101	0.423422	0	0.189000	0	0.000000	2944	3680	
0.500000	0	0	0	0.700000	phidata_network90.txt	1	101	0.297895	0	0.248000	0	0.000000	2944	3680	
1.000000	0	0	0	0.700000	phidata_network90.txt	1	101	0.284196	0	0.280000	0	0.000000	2944	3680	
0.100000	1	0	0	0.700000	phidata_network80.txt	1	101	0.423424	0	0.366000	0	0.000000	3864	5849	
0.500000	1	0	0	0.700000	phidata_network80.txt	1	101	0.297894	0	0.554000	0	0.000000	3864	5849	
1.000000	1	0	0	0.700000	phidata_network80.txt	1	101	0.284195	0	0.493000	0	0.000000	3864	5849	
0.100000	1	0	0	0.700000	phidata_network90.txt	1	101	0.423424	0	0.372000	0	0.000000	3864	5849	
0.500000	1	0	0	0.700000	phidata_network90.txt	1	101	0.297894	0	0.540000	0	0.000000	3864	5849	
1.000000	1	0	0	0.700000	phidata_network90.txt	1	101	0.284195	0	0.507000	0	0.000000	3864	5849	
