184	4	59	54	0.100000	7.000000	23.322000	4425	0.000000	2392	2944	
184	4	59	54	0.100000	7.000000	23.123000	4425	0.000000	2392	2944	
184	4	59	54	0.100000	7.000000	22.983000	4425	0.000000	2392	2944	
184	4	59	54	0.100000	7.000000	23.108000	4425	0.000000	2392	2944	
184	4	59	54	0.100000	3.000000	300.071000	10128	0.000000	2392	2944	
184	4	59	54	0.100000	3.000000	300.092000	10012	0.000000	2392	2944	
184	4	59	54	0.100000	3.000000	300.071000	9995	0.000000	2392	2944	
184	4	59	54	0.100000	3.000000	300.063000	10125	0.000000	2392	2944	
184	4	59	54	0.100000	3.000000	6.368000	1570	0.000000	2392	2944	
184	4	59	54	0.100000	3.000000	6.672000	1570	0.000000	2392	2944	
184	4	59	54	0.100000	3.000000	6.349000	1570	0.000000	2392	2944	
184	4	59	54	0.100000	3.000000	6.658000	1570	0.000000	2392	2944	
184	4	59	54	0.100000	0.000000	4.807000	0	0.000000	2392	2944	
184	4	59	54	0.100000	0.000000	4.981000	0	0.000000	2392	2944	
184	4	59	54	0.100000	0.000000	5.173000	0	0.000000	2392	2944	
184	4	59	54	0.100000	0.000000	4.912000	0	0.000000	2392	2944	
184	4	59	54	0.100000	0.000000	0.043000	0	0.000000	3312	4713	
184	4	59	54	0.100000	0.000000	0.029000	0	0.000000	3312	4713	
184	4	59	54	0.100000	0.000000	0.032000	0	0.000000	3312	4713	
184	4	59	54	0.100000	0.000000	0.041000	0	0.000000	3312	4713	
184	4	59	54	0.100000	0.000000	0.038000	0	0.000000	3312	4713	
184	4	59	54	0.100000	0.000000	0.029000	0	0.000000	3312	4713	
184	4	59	54	0.100000	0.000000	0.046000	0	0.000000	3312	4713	
184	4	59	54	0.100000	0.000000	0.036000	0	0.000000	3312	4713	
184	4	59	54	0.100000	3.000000	34.073000	3467	0.000000	3312	4713	
184	4	59	54	0.100000	3.000000	33.565000	3467	0.000000	3312	4713	
184	4	59	54	0.100000	3.000000	34.102000	3467	0.000000	3312	4713	
184	4	59	54	0.100000	3.000000	34.435000	3467	0.000000	3312	4713	
184	4	59	54	0.100000	0.000000	2.433000	0	0.000000	3312	4713	
184	4	59	54	0.100000	0.000000	2.483000	0	0.000000	3312	4713	
184	4	59	54	0.100000	0.000000	2.459000	0	0.000000	3312	4713	
184	4	59	54	0.100000	0.000000	2.580000	0	0.000000	3312	4713	
184	4	59	54	0.500000	3.000000	287.404000	10925	0.000000	2392	2944	
184	4	59	54	0.500000	3.000000	259.789000	10925	0.000000	2392	2944	
184	4	59	54	0.500000	3.000000	294.167000	10925	0.000000	2392	2944	
184	4	59	54	0.500000	3.000000	286.181000	10925	0.000000	2392	2944	
184	4	59	54	0.500000	3.000000	89.360000	5471	0.000000	2392	2944	
184	4	59	54	0.500000	3.000000	91.436000	5471	0.000000	2392	2944	
184	4	59	54	0.500000	3.000000	90.077000	5471	0.000000	2392	2944	
184	4	59	54	0.500000	3.000000	85.866000	5471	0.000000	2392	2944	
184	4	59	54	0.500000	2.000000	36.336000	6616	0.000000	2392	2944	
184	4	59	54	0.500000	2.000000	78.362000	6616	0.000000	2392	2944	
184	4	59	54	0.500000	2.000000	58.087000	6616	0.000000	2392	2944	
184	4	59	54	0.500000	2.000000	40.072000	6616	0.000000	2392	2944	
184	4	59	54	0.500000	0.000000	14.054000	2457	0.000000	2392	2944	
184	4	59	54	0.500000	0.000000	15.776000	2457	0.000000	2392	2944	
184	4	59	54	0.500000	0.000000	14.647000	2457	0.000000	2392	2944	
184	4	59	54	0.500000	0.000000	13.885000	2457	0.000000	2392	2944	
184	4	59	54	0.500000	4.000000	111.485000	9590	0.000000	3312	4713	
184	4	59	54	0.500000	4.000000	104.044000	9590	0.000000	3312	4713	
184	4	59	54	0.500000	4.000000	102.359000	9590	0.000000	3312	4713	
184	4	59	54	0.500000	4.000000	91.632000	9590	0.000000	3312	4713	
184	4	59	54	0.500000	3.000000	34.832000	4967	0.000000	3312	4713	
184	4	59	54	0.500000	3.000000	33.207000	4967	0.000000	3312	4713	
184	4	59	54	0.500000	3.000000	32.269000	4967	0.000000	3312	4713	
184	4	59	54	0.500000	3.000000	32.204000	4967	0.000000	3312	4713	
184	4	59	54	0.500000	2.000000	30.767000	5839	0.000000	3312	4713	
184	4	59	54	0.500000	2.000000	32.226000	5839	0.000000	3312	4713	
184	4	59	54	0.500000	2.000000	33.486000	5839	0.000000	3312	4713	
184	4	59	54	0.500000	2.000000	31.043000	5839	0.000000	3312	4713	
184	4	59	54	0.500000	0.000000	7.332000	2313	0.000000	3312	4713	
184	4	59	54	0.500000	0.000000	7.528000	2313	0.000000	3312	4713	
184	4	59	54	0.500000	0.000000	7.451000	2313	0.000000	3312	4713	
184	4	59	54	0.500000	0.000000	8.480000	2313	0.000000	3312	4713	
184	4	59	54	1.000000	3.000000	70.357000	7013	0.000000	2392	2944	
184	4	59	54	1.000000	3.000000	76.488000	7013	0.000000	2392	2944	
184	4	59	54	1.000000	3.000000	77.762000	7013	0.000000	2392	2944	
184	4	59	54	1.000000	3.000000	77.259000	7013	0.000000	2392	2944	
184	4	59	54	1.000000	2.000000	82.464000	6842	0.000000	2392	2944	
184	4	59	54	1.000000	2.000000	82.437000	6842	0.000000	2392	2944	
184	4	59	54	1.000000	2.000000	77.338000	6842	0.000000	2392	2944	
184	4	59	54	1.000000	2.000000	78.532000	6842	0.000000	2392	2944	
184	4	59	54	1.000000	1.000000	155.324000	11692	0.000000	2392	2944	
184	4	59	54	1.000000	1.000000	147.953000	11692	0.000000	2392	2944	
184	4	59	54	1.000000	1.000000	144.800000	11692	0.000000	2392	2944	
184	4	59	54	1.000000	1.000000	144.577000	11692	0.000000	2392	2944	
184	4	59	54	1.000000	0.000000	64.884000	8118	0.000000	2392	2944	
184	4	59	54	1.000000	0.000000	61.288000	8118	0.000000	2392	2944	
184	4	59	54	1.000000	0.000000	82.301000	8118	0.000000	2392	2944	
184	4	59	54	1.000000	0.000000	89.599000	8118	0.000000	2392	2944	
184	4	59	54	1.000000	4.000000	215.797000	14335	0.000000	3312	4713	
184	4	59	54	1.000000	4.000000	216.061000	14335	0.000000	3312	4713	
184	4	59	54	1.000000	4.000000	216.525000	14335	0.000000	3312	4713	
184	4	59	54	1.000000	4.000000	215.115000	14335	0.000000	3312	4713	
184	4	59	54	1.000000	2.000000	48.289000	4937	0.000000	3312	4713	
184	4	59	54	1.000000	2.000000	54.614000	4937	0.000000	3312	4713	
184	4	59	54	1.000000	2.000000	53.440000	4937	0.000000	3312	4713	
184	4	59	54	1.000000	2.000000	53.807000	4937	0.000000	3312	4713	
184	4	59	54	1.000000	1.000000	243.548000	25292	0.000000	3312	4713	
184	4	59	54	1.000000	1.000000	199.562000	25292	0.000000	3312	4713	
184	4	59	54	1.000000	1.000000	204.048000	25292	0.000000	3312	4713	
184	4	59	54	1.000000	1.000000	204.456000	25292	0.000000	3312	4713	
184	4	59	54	1.000000	0.000000	42.524000	5324	0.000000	3312	4713	
184	4	59	54	1.000000	0.000000	42.194000	5324	0.000000	3312	4713	
184	4	59	54	1.000000	0.000000	42.229000	5324	0.000000	3312	4713	
184	4	59	54	1.000000	0.000000	42.544000	5324	0.000000	3312	4713	
