2 4 2 26 2 2 1 8 15 5 1 15 2 2 21 5 4 1 2 4 1 1 5 1 2 1 2 1 10 20 2 1747 15 3 10 2 2 1 1 2 4 2 10 64 1 4 12 6 6 2 18 1 23 3 6 11 1 44 2 57 47 3 10 1 8 11 9 1 2 1 1 4 1 8 24 862 39 28 14 2 21 41 1 3 49 14 5 2 2 1 1 66 10 23 2 1 3 1 5 1 4 4 3 5 2 2 1 4 2 11 2 1 2 2 1 2 2 4 13 1 12 24 1 54 16 3 5 79 27 2 2 11 11 21 2 7 1 13 54 66 2 45 37 2 13 1 1 1 18 4 9 1 5 4 17 1 1 2 2 1 17 2 4 1 1 1 3 81 1 4 3 8 2 30 7 1 2 15 1 4 2 6 2 2 
1 2 1 3 3 1 1 2 3 1 1 3 1 1 2 2 1 1 1 1 1 1 7 1 1 1 1 1 4 4 2 9 10 1 5 1 2 1 1 1 2 1 2 11 1 3 3 4 2 1 4 1 7 1 2 2 1 9 1 11 5 2 6 1 4 6 2 1 1 1 1 1 1 2 4 21 8 3 2 1 4 9 1 1 3 2 2 1 1 1 1 4 2 3 1 1 1 1 1 1 1 1 1 2 1 1 1 3 1 6 1 1 1 1 1 1 1 1 2 1 5 16 1 10 3 1 2 7 2 1 2 2 2 4 1 2 1 2 8 7 1 6 9 1 2 1 1 1 5 1 5 1 2 1 3 1 1 1 1 1 2 1 1 1 1 1 1 11 1 2 1 2 1 14 1 1 1 2 1 1 1 4 1 1 
2 4 2 15 4 2 1 3 23 4 1 24 2 2 9 6 3 1 2 4 1 2 10 1 1 1 2 1 19 35 3 84 28 3 11 2 4 1 1 2 6 2 14 145 1 7 17 13 9 2 20 1 49 3 5 12 1 99 2 135 39 3 19 1 13 15 13 1 2 1 2 5 2 10 8 153 82 14 11 2 22 93 1 3 17 7 4 1 2 1 1 22 8 9 2 1 3 1 3 1 4 5 3 6 2 1 1 7 2 20 2 1 2 2 1 1 1 2 5 1 18 44 1 117 22 2 2 36 10 2 3 5 4 30 2 10 2 9 93 73 1 32 38 2 6 1 1 2 13 4 12 1 7 4 23 1 1 2 2 1 7 1 3 1 1 2 3 135 1 3 3 8 2 92 4 1 3 6 1 2 2 6 2 2 
1 1 1 2 1 1 1 2 2 1 1 2 1 1 2 1 1 1 1 1 1 1 2 1 1 1 1 1 2 2 1 16 2 1 2 1 1 1 1 1 1 1 1 5 1 1 2 2 1 1 2 1 3 1 1 1 1 4 1 5 3 1 2 1 2 2 1 1 1 1 1 1 1 1 2 24 4 2 1 1 2 4 1 1 4 1 1 1 1 1 1 4 1 2 1 1 1 1 1 1 1 1 1 1 1 1 1 1 1 2 1 1 1 1 1 1 1 1 2 1 2 3 1 5 2 1 2 4 2 1 1 1 2 2 1 1 1 1 4 4 1 3 3 1 2 1 1 1 2 1 2 1 1 1 2 1 1 1 1 1 2 1 1 1 1 1 1 5 1 1 1 1 1 6 1 1 1 2 1 1 1 1 1 1 
1 1 1 1 2 1 1 2 1 1 1 1 1 1 1 1 1 1 1 1 1 1 4 1 1 1 1 1 2 1 1 1 2 1 1 1 1 1 1 1 2 1 1 2 1 2 1 2 1 1 1 1 2 1 1 1 1 2 1 2 1 1 2 1 1 1 1 1 1 1 1 1 1 1 1 2 2 1 1 1 1 2 1 1 1 1 1 1 1 1 1 1 1 1 1 1 1 1 1 1 1 1 1 1 1 1 1 2 1 2 1 1 1 1 1 1 1 1 1 1 1 2 1 2 1 1 2 1 1 1 1 1 1 1 1 1 1 1 2 2 1 1 2 1 1 1 1 1 1 1 1 1 1 1 1 1 1 1 1 1 1 1 1 1 1 1 1 2 1 1 1 1 1 8 1 1 1 1 1 1 1 1 1 1 
2 4 2 19 3 2 1 4 17 5 1 17 2 2 12 5 3 1 2 4 1 1 7 1 1 1 2 1 13 24 2 154 19 2 10 1 3 1 1 2 4 2 11 91 1 5 14 8 7 2 19 1 31 3 5 11 1 61 2 82 58 3 13 1 9 12 10 1 2 1 1 4 1 8 12 304 53 21 13 2 23 56 1 3 26 9 4 1 2 1 1 33 9 12 2 1 3 1 3 1 4 4 3 5 2 1 1 5 2 14 2 1 2 2 1 1 1 3 7 1 14 31 1 75 18 2 3 52 14 2 2 6 6 24 2 8 2 10 72 75 1 41 38 2 8 1 1 1 15 4 10 1 6 3 19 1 1 2 1 1 10 1 3 1 1 2 3 158 1 3 3 8 2 50 4 1 2 9 1 3 2 6 2 2 
2 10 4 10 66 3 2 4 31 6 2 45 5 5 4 10 4 7 5 9 2 14 202 4 1 1 3 2 365 52 39 20 93 7 23 3 116 1 2 25 163 5 24 149 2 266 30 707 23 38 20 1 103 6 7 20 2 133 5 184 24 12 106 2 72 34 16 2 30 8 13 10 11 16 2 22 158 12 11 7 19 82 9 6 11 7 7 2 2 1 2 11 8 3 4 2 8 2 3 2 9 12 7 22 4 2 2 214 4 78 4 2 2 3 4 2 3 2 2 3 48 97 7 139 38 3 8 15 7 30 56 3 3 35 3 36 12 8 56 50 3 18 28 9 2 1 2 13 11 9 31 3 13 9 34 2 1 3 3 3 3 2 4 1 1 15 8 64 1 5 5 13 14 3639 5 2 40 3 1 5 3 14 4 3 
1 1 1 1 1 1 1 2 1 1 1 1 1 1 1 1 1 1 1 1 1 1 1 1 1 1 1 1 1 1 1 5 1 1 1 1 1 1 1 1 1 1 1 1 1 1 1 1 1 1 1 1 1 1 1 1 1 1 1 1 1 1 1 1 1 1 1 1 1 1 1 1 1 1 2 3 1 1 1 1 1 1 1 1 2 1 1 1 1 1 1 2 1 1 1 1 1 1 1 1 1 1 1 1 1 1 1 1 1 1 1 1 1 1 1 1 1 1 1 1 1 1 1 1 1 1 2 1 1 1 1 1 2 1 1 1 1 1 1 1 1 1 1 1 1 1 1 1 1 1 1 1 1 1 1 1 1 1 1 1 1 1 1 1 1 1 1 1 1 1 1 1 1 2 1 1 1 1 1 1 1 1 1 1 
1 1 1 2 1 1 1 1 2 1 1 2 1 1 2 1 1 1 1 1 1 1 2 1 1 1 1 1 3 3 1 12 3 1 2 1 1 1 1 1 2 1 2 10 1 2 2 2 1 1 2 1 3 1 1 2 1 6 1 9 3 1 2 1 2 2 1 1 1 1 1 1 1 1 2 14 6 2 1 1 2 5 1 1 3 1 1 1 1 1 1 4 1 2 1 1 1 1 1 1 1 1 1 1 1 1 1 2 1 2 1 1 1 1 1 1 1 1 1 1 2 4 1 7 2 1 1 3 2 1 1 1 2 2 1 1 1 1 5 5 1 3 3 1 1 1 1 1 2 1 2 1 1 1 2 1 1 1 1 1 2 1 1 1 1 1 1 7 1 1 1 1 1 14 1 1 1 1 1 1 1 1 1 1 
1 2 1 6 2 1 1 3 5 2 1 6 1 1 5 2 2 1 1 2 1 1 4 1 1 1 1 1 6 7 2 66 7 1 4 1 2 1 1 1 2 1 4 26 1 3 5 4 3 1 6 1 10 1 2 4 1 18 1 25 15 2 5 1 4 5 3 1 1 1 1 2 1 3 6 107 17 6 4 1 6 16 1 2 12 3 2 1 1 1 1 15 3 5 1 1 1 1 2 1 2 2 1 2 1 1 1 3 1 5 1 1 1 1 1 1 1 1 3 1 5 11 1 22 6 1 2 16 5 1 2 3 3 7 1 3 1 4 19 29 1 12 12 1 4 1 1 1 5 2 4 1 2 2 6 1 1 1 1 1 4 1 2 1 1 1 1 40 1 2 1 3 1 21 2 1 1 4 1 2 1 3 1 1 
3 26 4 58 16 4 1 10 35 11 2 34 5 5 24 12 9 2 5 9 1 4 41 2 3 1 6 2 15 49 8 90 142 12 104 5 7 1 1 3 7 6 24 129 2 12 25 16 21 4 61 2 74 5 30 19 1 103 6 121 77 14 67 1 45 101 27 1 3 2 2 10 2 18 32 389 80 39 33 4 61 116 2 9 17 16 32 3 4 1 1 26 26 23 5 2 9 1 10 2 9 10 6 15 3 5 2 6 4 75 4 2 3 5 3 4 5 6 18 4 80 264 2 108 28 6 7 137 28 4 6 11 8 41 3 21 4 33 116 82 5 123 237 5 19 1 2 2 115 9 82 2 13 9 30 2 1 3 4 3 21 3 7 1 1 3 8 181 1 26 15 16 5 48 9 1 5 16 1 3 7 55 9 7 
1 1 1 2 1 1 1 1 2 1 1 2 1 1 1 1 1 1 1 1 1 1 2 1 1 1 1 1 3 2 1 10 3 1 2 1 1 1 1 1 1 1 1 8 1 1 2 2 1 1 2 1 3 1 1 1 1 6 1 8 2 1 2 1 2 2 1 1 1 1 1 1 1 1 2 11 5 2 1 1 2 4 1 1 3 1 1 1 1 1 1 3 1 2 1 1 1 1 1 1 1 1 1 1 1 1 1 2 1 2 1 1 1 1 1 1 1 1 1 1 2 3 1 7 2 1 1 3 1 1 1 1 1 2 1 1 1 1 4 4 1 2 3 1 1 1 1 1 2 1 2 1 1 1 2 1 1 1 1 1 1 1 1 1 1 1 1 5 1 1 1 1 1 15 1 1 1 1 1 1 1 1 1 1 
1 6 2 11 9 2 1 3 13 3 1 14 2 2 6 4 2 1 2 3 1 2 25 1 1 1 2 1 15 20 5 22 70 3 21 2 6 1 1 2 6 2 9 59 1 9 10 16 8 3 15 1 35 2 5 7 1 48 2 61 20 5 35 1 22 30 8 1 2 2 2 3 2 6 6 60 42 9 8 2 15 44 1 3 6 5 5 1 2 1 1 8 6 5 2 1 3 1 3 1 3 4 2 6 2 2 1 7 2 37 2 1 1 2 2 1 2 2 4 2 37 130 1 51 12 2 3 23 7 3 4 3 2 15 2 9 2 7 37 28 2 22 38 2 4 1 1 2 15 3 25 1 5 3 12 1 1 1 2 1 5 1 2 1 1 2 3 53 1 4 3 5 3 68 3 1 3 4 1 1 2 11 2 2 
1 5 2 10 8 2 1 2 13 3 1 15 2 2 5 4 2 1 2 3 1 2 24 1 1 1 2 1 17 21 5 22 76 3 17 2 6 1 1 2 7 2 9 66 1 9 10 17 8 3 14 1 38 2 5 7 1 53 2 69 19 5 36 1 22 25 8 1 3 2 2 3 2 6 5 55 47 9 7 2 14 47 1 3 6 4 5 1 1 1 1 8 6 5 2 1 3 1 2 1 3 4 2 6 2 1 1 8 2 44 2 1 1 2 1 1 1 2 4 1 35 97 1 56 12 2 2 21 6 3 4 3 2 15 2 10 2 6 38 29 2 20 34 2 4 1 1 2 13 3 20 1 5 3 12 1 1 1 2 1 4 1 2 1 1 2 3 54 1 3 3 5 3 85 3 1 3 4 1 1 2 9 2 2 
1 1 1 2 1 1 1 2 2 1 1 2 1 1 2 1 1 1 1 1 1 1 1 1 1 1 1 1 2 2 1 31 2 1 1 1 1 1 1 1 1 1 1 4 1 1 1 1 1 1 2 1 2 1 1 1 1 3 1 4 3 1 2 1 1 2 1 1 1 1 1 1 1 1 3 40 3 2 1 1 2 3 1 1 6 1 1 1 1 1 1 6 1 2 1 1 1 1 1 1 1 1 1 1 1 1 1 1 1 2 1 1 1 1 1 1 1 1 2 1 2 3 1 4 2 1 2 4 2 1 1 2 2 2 1 1 1 1 3 4 1 3 3 1 2 1 1 1 2 1 1 1 1 1 2 1 1 1 1 1 2 1 1 1 1 1 1 4 1 1 1 1 1 4 1 1 1 2 1 1 1 1 1 1 
1 2 1 5 2 1 1 2 6 2 1 6 1 1 3 2 1 1 1 2 1 1 5 1 1 1 1 1 7 9 2 36 8 1 4 1 2 1 1 1 3 1 4 35 1 3 5 5 3 1 5 1 12 1 2 4 1 24 1 33 11 2 6 1 4 5 3 1 1 1 1 2 1 3 4 53 21 4 3 1 6 20 1 1 8 3 2 1 1 1 1 10 3 4 1 1 1 1 1 1 2 2 1 2 1 1 1 4 1 6 1 1 1 1 1 1 1 1 3 1 5 13 1 28 6 1 1 11 4 1 2 2 2 8 1 3 1 3 22 20 1 9 11 1 3 1 1 1 5 2 4 1 2 2 6 1 1 1 1 1 3 1 1 1 1 1 1 35 1 2 1 3 1 33 2 1 1 3 1 2 1 3 1 1 
1 2 1 12 2 1 1 4 7 3 1 7 1 1 7 3 2 1 1 2 1 1 5 1 1 1 1 1 6 10 2 80 11 2 6 1 2 1 1 1 3 2 5 33 1 3 6 4 4 1 9 1 13 2 3 5 1 23 1 30 19 2 7 1 5 7 5 1 1 1 1 2 1 4 9 184 20 9 6 1 10 22 1 2 14 5 3 1 1 1 1 18 5 8 1 1 2 1 2 1 2 2 2 3 1 1 1 3 1 8 1 1 1 1 1 1 1 2 5 1 7 18 1 27 7 2 3 33 7 1 2 4 5 10 1 4 1 6 26 26 1 24 22 1 5 1 1 1 10 2 6 1 3 2 8 1 1 1 1 1 6 1 2 1 1 1 2 40 1 2 2 4 1 19 2 1 2 5 1 2 2 4 1 1 
1 3 2 4 13 2 1 3 8 2 1 11 2 2 3 3 2 2 2 3 1 3 30 1 1 1 1 1 98 13 9 16 16 2 6 1 19 1 1 5 39 2 7 37 1 27 8 100 6 7 6 1 22 2 3 6 1 31 2 43 8 3 17 1 12 8 5 1 7 2 3 3 2 5 2 11 37 4 4 2 6 20 2 2 9 3 2 1 1 1 1 8 3 3 2 1 2 1 2 1 3 3 2 5 2 1 1 64 1 14 2 1 1 1 1 1 1 2 2 1 10 18 2 34 11 2 5 6 3 6 11 2 3 10 2 8 3 3 16 16 1 6 8 2 2 1 1 3 4 3 7 1 4 3 10 1 1 1 1 1 2 1 2 1 1 3 2 18 1 2 2 4 3 1007 2 1 6 2 1 4 2 4 2 1 
1 3 2 12 4 2 1 2 19 3 1 20 2 2 7 4 2 1 2 4 1 2 9 1 1 1 1 1 17 29 3 73 22 2 9 1 4 1 1 2 6 2 12 123 1 6 14 11 7 2 15 1 40 2 4 10 1 83 2 114 31 3 15 1 11 12 9 1 2 1 2 4 1 8 7 122 70 11 9 2 16 74 1 3 15 6 4 1 2 1 1 19 6 7 2 1 3 1 2 1 4 4 2 5 2 1 1 7 2 16 2 1 1 1 1 1 1 2 5 1 15 34 1 99 18 2 1 28 8 2 3 4 3 25 2 8 2 7 72 60 1 24 29 2 5 1 1 2 10 4 10 1 5 3 19 1 1 1 1 1 6 1 2 1 1 2 3 101 1 3 2 7 2 85 3 1 2 5 1 2 2 5 2 1 
1 2 1 5 2 1 1 2 7 2 1 8 1 1 4 2 1 1 1 2 1 1 4 1 1 1 1 1 9 10 2 52 8 1 4 1 2 1 1 1 3 1 5 43 1 3 6 6 3 2 6 1 13 2 2 5 1 28 1 40 13 2 6 1 4 5 4 1 1 1 1 2 1 3 4 64 26 5 4 1 6 21 1 2 11 3 2 1 1 1 1 13 3 4 1 1 2 1 2 1 2 2 2 2 1 1 1 4 1 6 1 1 1 1 1 1 1 1 3 1 5 12 1 35 8 1 2 12 4 1 2 3 3 10 1 4 1 3 24 32 1 10 11 1 3 1 1 1 5 2 4 1 2 2 8 1 1 1 1 1 4 1 2 1 1 1 2 33 1 2 1 3 1 43 2 1 1 3 1 2 1 3 1 1 
2 5 3 5 37 2 2 7 14 4 1 20 3 3 3 5 2 5 3 5 2 9 83 3 1 1 2 1 273 22 27 22 28 4 8 2 75 1 1 22 152 3 11 56 1 82 15 310 10 27 8 1 37 4 3 11 2 49 3 68 11 5 33 1 24 12 8 1 35 5 12 5 7 8 2 10 62 6 5 5 8 30 6 3 17 4 3 2 2 1 1 13 4 3 2 2 4 2 2 1 5 7 4 10 2 2 1 502 2 25 3 2 2 2 3 1 2 2 2 2 16 28 6 53 19 2 14 6 4 22 40 3 6 16 3 15 7 4 22 24 2 7 10 4 2 1 2 12 4 5 11 2 7 5 17 1 1 2 2 2 2 2 3 1 1 8 4 24 1 3 3 7 9 2314 3 1 20 3 1 9 2 6 2 2 
1 2 1 2 16 1 1 4 3 1 1 4 1 1 1 2 1 1 1 1 1 2 46 1 1 1 1 1 13 4 8 2 9 1 4 1 7 1 1 2 7 1 3 9 1 8 3 19 2 3 3 1 7 1 2 2 1 8 1 10 3 2 8 1 6 5 2 1 3 1 2 2 1 2 2 3 8 2 2 1 3 6 1 1 2 1 2 1 1 1 1 2 2 1 1 1 1 1 1 1 1 2 1 2 1 1 1 13 1 7 1 1 1 1 1 1 1 1 1 1 5 10 1 8 3 1 6 3 2 2 7 1 2 3 1 3 2 2 5 4 1 3 4 1 1 1 1 2 3 1 4 1 2 2 3 1 1 1 1 1 1 1 1 1 1 2 1 6 1 2 1 2 2 76 1 1 2 1 1 3 1 4 1 1 
1 1 1 1 1 1 1 1 1 1 1 1 1 1 1 1 1 1 1 1 1 1 2 1 1 1 1 1 2 1 1 1 1 1 1 1 1 1 1 1 1 1 1 2 1 1 1 2 1 1 1 1 1 1 1 1 1 2 1 2 1 1 1 1 1 1 1 1 1 1 1 1 1 1 1 2 2 1 1 1 1 1 1 1 1 1 1 1 1 1 1 1 1 1 1 1 1 1 1 1 1 1 1 1 1 1 1 1 1 1 1 1 1 1 1 1 1 1 1 1 1 2 1 2 1 1 1 1 1 1 1 1 1 1 1 1 1 1 1 1 1 1 1 1 1 1 1 1 1 1 1 1 1 1 1 1 1 1 1 1 1 1 1 1 1 1 1 2 1 1 1 1 1 5 1 1 1 1 1 1 1 1 1 1 
2 6 2 6 32 2 1 3 15 4 1 20 3 3 3 5 3 3 3 4 1 6 97 2 1 1 2 1 119 24 19 12 46 4 13 2 41 1 1 9 53 3 11 66 1 83 14 208 11 14 11 1 45 3 4 10 1 58 3 79 13 6 48 1 32 18 8 1 11 4 5 5 4 8 2 14 66 7 6 3 10 38 4 3 7 4 4 2 1 1 1 6 5 3 2 1 4 1 2 1 4 6 3 10 2 2 1 77 2 36 2 2 2 2 2 1 2 2 2 2 23 50 3 61 17 2 6 9 5 11 23 2 2 17 2 15 5 5 28 25 2 11 16 4 2 1 1 5 7 4 16 2 6 5 16 1 1 2 2 2 2 2 3 1 1 6 4 32 1 3 3 7 7 1085 3 1 14 2 1 3 2 9 2 2 
2 2 1 10 2 2 1 27 5 3 1 5 1 1 16 3 2 1 2 2 1 1 2 1 2 1 1 1 4 6 2 365 5 2 4 1 1 1 1 1 2 2 4 12 1 1 5 2 3 1 6 1 6 2 3 4 1 9 1 11 12 2 3 1 3 4 4 1 1 1 1 2 1 3 57 203 9 8 5 2 7 9 1 2 78 7 3 1 3 1 1 85 5 29 2 1 2 1 4 1 2 2 2 2 1 1 1 3 1 4 1 1 2 1 1 1 1 4 25 1 4 7 1 11 6 3 17 23 10 1 1 21 34 7 2 3 1 6 12 16 1 14 11 1 23 1 1 1 9 2 4 1 3 2 6 1 1 1 1 1 22 1 2 1 1 1 2 16 1 3 2 4 1 6 3 1 1 18 1 10 2 4 2 2 
6 8 4 78 2 5 1 31 33 16 2 31 3 3 163 12 10 2 5 11 1 1 4 1 5 2 3 1 14 39 2 10026 23 5 19 3 3 1 1 2 5 6 24 113 2 4 28 6 14 2 43 2 39 7 17 27 2 77 3 97 116 6 14 1 11 20 22 1 2 2 2 9 2 18 141 7073 67 60 38 4 50 76 2 9 282 55 13 4 9 1 1 417 31 169 6 2 7 1 20 1 11 9 7 9 4 4 3 5 4 17 4 2 6 3 2 3 3 19 75 3 20 37 2 96 36 16 15 237 97 2 2 65 51 48 9 13 2 40 111 152 3 118 82 3 78 1 2 2 51 9 16 1 13 9 41 2 1 4 3 2 119 4 12 2 1 2 7 161 1 10 7 20 2 35 21 1 2 103 1 14 7 12 4 4 
1 5 2 9 8 2 1 7 7 3 1 7 2 2 6 3 2 1 2 2 1 2 18 1 1 1 2 1 5 9 4 18 26 3 16 2 3 1 1 2 3 2 5 20 1 5 5 7 4 2 9 1 13 2 5 4 1 17 2 19 12 3 15 1 10 16 5 1 2 1 1 2 1 4 10 56 14 7 6 1 9 18 1 2 5 4 5 1 2 1 1 7 5 6 2 1 2 1 3 1 2 3 2 4 1 2 1 3 1 14 2 1 1 2 1 2 2 2 6 2 13 41 1 17 6 2 7 20 6 2 3 4 5 8 1 5 2 6 17 13 2 17 27 2 6 1 1 1 16 2 14 1 3 2 6 1 1 1 1 1 6 1 2 1 1 2 2 24 1 4 3 4 3 14 2 1 2 5 1 3 2 21 2 2 
4 34 6 65 21 5 1 7 54 14 2 56 7 7 24 18 11 2 7 12 1 4 61 2 3 2 7 2 27 82 11 86 266 20 151 7 11 1 2 4 12 8 36 232 2 20 38 29 34 6 87 2 135 7 34 27 1 186 9 224 103 22 122 2 78 183 39 1 4 3 3 14 3 27 24 371 145 48 42 5 85 203 3 12 17 18 32 3 4 1 1 25 32 21 7 2 12 1 10 2 12 14 8 24 4 5 2 10 4 139 6 3 3 6 4 4 5 6 16 5 149 526 2 193 44 6 5 146 30 5 9 9 6 64 3 35 5 38 184 122 6 146 587 7 16 1 2 3 107 13 139 2 19 13 46 2 1 4 6 4 19 3 9 2 1 4 12 285 1 21 16 23 7 106 11 1 7 15 1 2 9 57 10 7 
1 1 1 1 1 1 1 1 1 1 1 1 1 1 1 1 1 1 1 1 1 1 1 1 1 1 1 1 2 1 1 3 1 1 1 1 1 1 1 1 1 1 1 2 1 1 1 2 1 1 1 1 1 1 1 1 1 2 1 2 1 1 1 1 1 1 1 1 1 1 1 1 1 1 1 3 2 1 1 1 1 2 1 1 2 1 1 1 1 1 1 2 1 1 1 1 1 1 1 1 1 1 1 1 1 1 1 2 1 1 1 1 1 1 1 1 1 1 1 1 1 1 1 2 1 1 1 1 1 1 1 1 1 1 1 1 1 1 1 2 1 1 1 1 1 1 1 1 1 1 1 1 1 1 1 1 1 1 1 1 1 1 1 1 1 1 1 2 1 1 1 1 1 13 1 1 1 1 1 1 1 1 1 1 
1 1 1 1 1 1 1 1 2 1 1 2 1 1 1 1 1 1 1 1 1 1 2 1 1 1 1 1 2 2 1 8 2 1 1 1 1 1 1 1 1 1 1 6 1 1 1 2 1 1 1 1 3 1 1 1 1 4 1 6 2 1 2 1 1 2 1 1 1 1 1 1 1 1 2 9 4 1 1 1 2 3 1 1 3 1 1 1 1 1 1 3 1 1 1 1 1 1 1 1 1 1 1 1 1 1 1 2 1 2 1 1 1 1 1 1 1 1 1 1 2 3 1 5 2 1 1 2 1 1 1 1 1 2 1 1 1 1 3 3 1 2 2 1 1 1 1 1 1 1 1 1 1 1 2 1 1 1 1 1 1 1 1 1 1 1 1 4 1 1 1 1 1 11 1 1 1 1 1 1 1 1 1 1 
1 1 1 1 3 1 1 2 1 1 1 2 1 1 1 1 1 1 1 1 1 1 6 1 1 1 1 1 3 2 2 1 3 1 2 1 2 1 1 1 2 1 1 3 1 2 1 4 1 1 1 1 2 1 1 1 1 3 1 3 2 1 2 1 2 2 1 1 1 1 1 1 1 1 1 2 3 1 1 1 1 2 1 1 1 1 1 1 1 1 1 1 1 1 1 1 1 1 1 1 1 1 1 1 1 1 1 3 1 2 1 1 1 1 1 1 1 1 1 1 2 3 1 3 1 1 3 2 1 1 2 1 2 2 1 1 1 1 2 2 1 2 2 1 1 1 1 1 1 1 2 1 1 1 1 1 1 1 1 1 1 1 1 1 1 1 1 2 1 1 1 1 1 14 1 1 1 1 1 2 1 2 1 1 
1 1 1 1 1 1 1 1 1 1 1 1 1 1 1 1 1 1 1 1 1 1 1 1 1 1 1 1 1 1 1 2 1 1 1 1 1 1 1 1 1 1 1 1 1 1 1 1 1 1 1 1 1 1 1 1 1 1 1 1 1 1 1 1 1 1 1 1 1 1 1 1 1 1 1 2 1 1 1 1 1 1 1 1 1 1 1 1 1 1 1 1 1 1 1 1 1 1 1 1 1 1 1 1 1 1 1 1 1 1 1 1 1 1 1 1 1 1 1 1 1 1 1 1 1 1 1 1 1 1 1 1 1 1 1 1 1 1 1 1 1 1 1 1 1 1 1 1 1 1 1 1 1 1 1 1 1 1 1 1 1 1 1 1 1 1 1 1 1 1 1 1 1 1 1 1 1 1 1 1 1 1 1 1 
1 1 1 1 1 1 1 1 1 1 1 1 1 1 1 1 1 1 1 1 1 1 2 1 1 1 1 1 2 1 1 3 2 1 1 1 1 1 1 1 1 1 1 3 1 1 1 2 1 1 1 1 2 1 1 1 1 2 1 3 1 1 2 1 1 1 1 1 1 1 1 1 1 1 1 4 2 1 1 1 1 2 1 1 1 1 1 1 1 1 1 2 1 1 1 1 1 1 1 1 1 1 1 1 1 1 1 1 1 2 1 1 1 1 1 1 1 1 1 1 1 2 1 2 1 1 1 2 1 1 1 1 1 1 1 1 1 1 2 2 1 2 2 1 1 1 1 1 1 1 1 1 1 1 1 1 1 1 1 1 1 1 1 1 1 1 1 2 1 1 1 1 1 6 1 1 1 1 1 1 1 1 1 1 
1 3 1 7 5 1 1 3 6 2 1 7 1 1 4 2 2 1 1 2 1 1 12 1 1 1 1 1 7 9 3 17 24 2 10 1 3 1 1 2 4 1 4 28 1 4 5 7 4 2 8 1 15 2 3 4 1 22 1 28 11 2 13 1 9 14 4 1 2 1 1 2 1 3 5 43 19 5 4 1 8 21 1 2 5 3 3 1 1 1 1 6 3 4 1 1 2 1 2 1 2 2 2 3 1 1 1 4 1 14 1 1 1 1 1 1 1 2 3 1 12 52 1 24 6 1 2 14 4 2 3 3 2 8 1 4 1 4 19 15 1 13 20 1 3 1 1 1 9 2 11 1 3 2 6 1 1 1 1 1 4 1 2 1 1 1 2 27 1 2 2 3 2 29 2 1 2 3 1 1 1 6 2 1 
1 1 1 2 2 1 1 2 2 1 1 2 1 1 1 1 1 1 1 1 1 1 3 1 1 1 1 1 2 2 1 6 3 1 2 1 1 1 1 1 1 1 1 5 1 1 1 2 1 1 2 1 3 1 1 1 1 4 1 5 2 1 2 1 2 2 1 1 1 1 1 1 1 1 2 10 4 2 1 1 2 3 1 1 2 1 1 1 1 1 1 2 1 2 1 1 1 1 1 1 1 1 1 1 1 1 1 2 1 2 1 1 1 1 1 1 1 1 1 1 2 5 1 4 2 1 2 3 1 1 1 1 1 2 1 1 1 1 3 3 1 3 3 1 1 1 1 1 2 1 2 1 1 1 2 1 1 1 1 1 1 1 1 1 1 1 1 4 1 1 1 1 1 7 1 1 1 1 1 1 1 2 1 1 
2 8 2 14 9 2 1 4 12 4 1 13 2 2 7 4 3 1 2 3 1 2 24 1 1 1 2 1 10 18 5 26 56 4 32 2 5 1 1 2 5 2 8 48 1 7 9 12 8 3 16 1 28 2 7 7 1 39 2 47 21 5 29 1 18 33 8 1 2 2 2 4 2 6 9 83 33 10 9 2 16 39 1 3 6 5 7 1 2 1 1 9 7 7 2 1 3 1 3 1 3 4 2 6 2 2 1 5 2 30 2 1 1 2 2 2 2 2 6 2 28 99 1 41 11 2 4 30 8 2 4 4 3 14 2 8 2 8 35 26 2 28 50 2 6 1 1 2 22 3 28 1 5 3 11 1 1 2 2 1 6 1 3 1 1 2 3 52 1 5 4 5 3 38 3 1 3 5 1 2 2 16 3 2 
1 1 1 1 2 1 1 2 2 1 1 2 1 1 1 1 1 1 1 1 1 1 7 1 1 1 1 1 5 2 2 3 3 1 2 1 2 1 1 1 2 1 1 4 1 2 1 5 1 1 1 1 3 1 1 1 1 3 1 4 2 1 2 1 2 2 1 1 1 1 1 1 1 1 1 3 4 1 1 1 1 3 1 1 2 1 1 1 1 1 1 2 1 1 1 1 1 1 1 1 1 1 1 1 1 1 1 4 1 2 1 1 1 1 1 1 1 1 1 1 2 3 1 4 2 1 2 2 1 1 2 1 1 2 1 1 1 1 2 2 1 2 2 1 1 1 1 1 1 1 2 1 1 1 2 1 1 1 1 1 1 1 1 1 1 1 1 3 1 1 1 1 1 31 1 1 1 1 1 1 1 1 1 1 
6 41 7 115 20 7 1 26 45 19 3 41 8 7 55 18 17 2 8 13 1 4 47 2 5 2 12 2 11 58 10 185 160 18 147 8 7 2 2 3 6 10 31 136 3 11 31 13 28 4 91 2 79 8 60 25 2 108 10 121 118 21 74 2 51 130 38 1 3 3 2 14 3 25 92 900 80 67 56 5 94 133 2 16 33 29 68 4 8 1 1 51 47 55 9 3 13 1 24 3 12 13 9 19 5 12 4 4 5 85 7 3 4 12 4 9 10 12 47 8 96 292 2 114 34 11 18 289 55 4 6 24 21 53 5 25 5 63 147 107 9 224 358 7 49 1 3 2 290 14 108 2 18 13 37 4 2 6 7 5 50 5 13 2 1 4 12 231 1 54 27 23 7 29 17 1 5 35 1 7 15 117 19 14 
3 18 5 24 42 4 2 2 51 9 2 68 6 7 9 15 6 4 6 11 2 8 156 3 2 1 4 2 113 91 22 30 284 11 57 5 35 1 2 10 43 6 36 282 2 72 42 141 38 15 44 2 201 7 14 26 1 247 6 327 53 20 288 2 179 90 29 1 11 5 6 13 5 24 6 78 240 23 21 6 42 184 5 8 9 10 13 2 2 1 1 11 16 7 5 3 11 2 5 2 11 16 8 34 4 3 2 47 4 213 5 3 2 4 5 3 3 3 5 4 126 334 4 248 51 4 3 43 14 12 23 4 1 58 3 54 8 17 126 91 4 49 88 12 5 1 3 6 30 12 77 2 18 12 48 2 1 3 4 4 6 3 6 1 1 8 11 164 1 9 8 19 10 792 7 1 16 6 1 2 5 29 6 4 
1 2 1 2 5 1 1 3 3 1 1 3 1 1 1 1 1 1 1 1 1 1 11 1 1 1 1 1 17 4 4 6 6 1 2 1 5 1 1 2 8 1 2 9 1 6 3 19 2 3 2 1 6 1 1 2 1 8 1 10 3 1 5 1 4 3 2 1 2 1 1 1 1 2 1 4 9 2 2 1 2 6 1 1 4 2 1 1 1 1 1 4 2 1 1 1 1 1 1 1 1 2 1 2 1 1 1 16 1 4 1 1 1 1 1 1 1 1 1 1 3 6 1 8 3 1 4 2 2 2 4 1 2 3 1 3 1 2 5 5 1 3 3 1 1 1 1 1 2 1 3 1 2 1 3 1 1 1 1 1 1 1 1 1 1 1 1 5 1 1 1 2 2 130 1 1 2 1 1 2 1 2 1 1 
1 1 1 1 2 1 1 1 1 1 1 2 1 1 1 1 1 1 1 1 1 1 3 1 1 1 1 1 4 2 1 4 2 1 1 1 2 1 1 1 2 1 1 4 1 2 1 4 1 1 1 1 2 1 1 1 1 3 1 4 2 1 2 1 2 1 1 1 1 1 1 1 1 1 1 3 3 1 1 1 1 2 1 1 2 1 1 1 1 1 1 2 1 1 1 1 1 1 1 1 1 1 1 1 1 1 1 3 1 2 1 1 1 1 1 1 1 1 1 1 2 2 1 3 2 1 2 2 1 1 1 1 1 2 1 1 1 1 2 2 1 2 2 1 1 1 1 1 1 1 1 1 1 1 2 1 1 1 1 1 1 1 1 1 1 1 1 3 1 1 1 1 1 32 1 1 1 1 1 1 1 1 1 1 
1 3 2 13 3 2 1 3 13 3 1 14 1 1 8 4 2 1 2 3 1 1 7 1 1 1 1 1 11 19 2 80 19 2 9 1 3 1 1 2 4 2 9 72 1 5 10 8 6 2 16 1 26 2 4 8 1 50 2 67 32 3 12 1 9 11 8 1 2 1 1 3 1 6 8 164 42 12 9 2 18 47 1 3 15 6 4 1 2 1 1 20 6 8 2 1 2 1 3 1 3 3 2 4 1 1 1 5 1 13 2 1 1 1 1 1 1 2 5 1 12 30 1 59 13 2 2 34 9 2 2 5 4 18 2 6 1 7 55 48 1 29 33 2 5 1 1 1 12 3 9 1 4 3 14 1 1 1 1 1 7 1 2 1 1 1 2 91 1 3 2 6 2 45 3 1 2 6 1 2 2 5 2 1 
1 1 1 2 2 1 1 1 3 1 1 3 1 1 2 1 1 1 1 1 1 1 3 1 1 1 1 1 4 4 1 17 4 1 2 1 1 1 1 1 2 1 2 15 1 2 2 3 2 1 2 1 5 1 1 2 1 10 1 13 4 1 3 1 2 2 2 1 1 1 1 1 1 2 2 19 9 2 2 1 2 7 1 1 4 2 1 1 1 1 1 5 1 2 1 1 1 1 1 1 1 1 1 1 1 1 1 2 1 3 1 1 1 1 1 1 1 1 2 1 2 5 1 12 3 1 1 4 2 1 1 2 2 3 1 2 1 2 7 7 1 4 4 1 2 1 1 1 2 1 2 1 1 1 3 1 1 1 1 1 2 1 1 1 1 1 1 10 1 1 1 2 1 20 1 1 1 2 1 1 1 2 1 1 
1 1 1 1 1 1 1 1 1 1 1 1 1 1 1 1 1 1 1 1 1 1 1 1 1 1 1 1 1 1 1 3 1 1 1 1 1 1 1 1 1 1 1 2 1 1 1 1 1 1 1 1 1 1 1 1 1 2 1 2 1 1 1 1 1 1 1 1 1 1 1 1 1 1 1 3 2 1 1 1 1 1 1 1 1 1 1 1 1 1 1 1 1 1 1 1 1 1 1 1 1 1 1 1 1 1 1 1 1 1 1 1 1 1 1 1 1 1 1 1 1 1 1 2 1 1 1 1 1 1 1 1 1 1 1 1 1 1 1 1 1 1 1 1 1 1 1 1 1 1 1 1 1 1 1 1 1 1 1 1 1 1 1 1 1 1 1 2 1 1 1 1 1 4 1 1 1 1 1 1 1 1 1 1 
4 16 4 91 8 5 1 10 42 14 2 39 4 4 37 14 11 2 5 10 1 3 20 2 3 1 4 2 15 56 5 227 84 9 56 4 5 1 1 3 6 7 27 165 2 9 30 12 21 3 76 2 75 6 37 24 1 122 5 148 120 10 43 1 30 62 30 1 3 2 2 10 2 21 43 918 94 57 45 4 81 137 2 11 36 24 25 3 4 1 1 54 36 36 6 2 8 1 12 2 10 10 6 14 4 4 2 5 4 51 4 2 3 4 3 3 4 7 25 3 57 154 2 136 36 7 6 248 43 3 4 16 11 53 4 20 3 47 160 129 4 205 276 4 25 1 2 2 166 10 48 1 15 9 39 2 1 3 4 3 30 3 9 2 1 3 8 261 1 16 11 20 4 46 12 1 4 23 1 4 9 30 6 5 
1 1 1 1 2 1 1 1 2 1 1 2 1 1 1 1 1 1 1 1 1 1 3 1 1 1 1 1 4 2 1 3 3 1 1 1 2 1 1 1 2 1 1 4 1 2 1 4 1 1 1 1 3 1 1 1 1 3 1 4 2 1 2 1 2 2 1 1 1 1 1 1 1 1 1 3 4 1 1 1 1 3 1 1 2 1 1 1 1 1 1 2 1 1 1 1 1 1 1 1 1 1 1 1 1 1 1 3 1 2 1 1 1 1 1 1 1 1 1 1 2 3 1 4 2 1 2 2 1 1 1 1 1 2 1 1 1 1 3 3 1 2 2 1 1 1 1 1 1 1 2 1 1 1 2 1 1 1 1 1 1 1 1 1 1 1 1 3 1 1 1 1 1 28 1 1 1 1 1 1 1 1 1 1 
1 1 1 2 1 1 1 1 2 1 1 2 1 1 2 1 1 1 1 1 1 1 2 1 1 1 1 1 4 3 1 14 3 1 2 1 1 1 1 1 2 1 2 11 1 2 2 3 1 1 2 1 4 1 1 2 1 7 1 10 3 1 2 1 2 2 1 1 1 1 1 1 1 1 2 15 7 2 2 1 2 5 1 1 4 1 1 1 1 1 1 4 1 2 1 1 1 1 1 1 1 1 1 1 1 1 1 2 1 2 1 1 1 1 1 1 1 1 1 1 2 4 1 9 2 1 1 3 2 1 1 1 2 3 1 2 1 1 5 6 1 3 3 1 1 1 1 1 2 1 2 1 1 1 2 1 1 1 1 1 2 1 1 1 1 1 1 7 1 1 1 1 1 18 1 1 1 2 1 1 1 1 1 1 
1 1 1 1 1 1 1 1 1 1 1 1 1 1 1 1 1 1 1 1 1 1 2 1 1 1 1 1 2 1 1 2 1 1 1 1 1 1 1 1 1 1 1 2 1 1 1 2 1 1 1 1 1 1 1 1 1 2 1 2 1 1 1 1 1 1 1 1 1 1 1 1 1 1 1 2 2 1 1 1 1 2 1 1 2 1 1 1 1 1 1 1 1 1 1 1 1 1 1 1 1 1 1 1 1 1 1 2 1 1 1 1 1 1 1 1 1 1 1 1 1 2 1 2 1 1 1 1 1 1 1 1 1 1 1 1 1 1 2 2 1 1 1 1 1 1 1 1 1 1 1 1 1 1 1 1 1 1 1 1 1 1 1 1 1 1 1 2 1 1 1 1 1 11 1 1 1 1 1 1 1 1 1 1 
1 1 1 3 2 1 1 1 3 1 1 4 1 1 2 1 1 1 1 1 1 1 4 1 1 1 1 1 5 5 2 14 6 1 3 1 2 1 1 1 2 1 2 17 1 2 3 4 2 1 3 1 8 1 1 2 1 13 1 18 5 1 4 1 3 3 2 1 1 1 1 1 1 2 2 20 12 2 2 1 3 10 1 1 4 2 1 1 1 1 1 5 2 2 1 1 1 1 1 1 1 1 1 2 1 1 1 3 1 5 1 1 1 1 1 1 1 1 2 1 4 8 1 14 3 1 1 5 2 1 2 2 2 4 1 2 1 2 9 8 1 4 6 1 2 1 1 1 3 1 3 1 2 1 3 1 1 1 1 1 2 1 1 1 1 1 1 12 1 1 1 2 1 27 1 1 1 2 1 1 1 2 1 1 
1 1 1 2 4 1 1 2 2 1 1 3 1 1 1 1 1 1 1 1 1 1 10 1 1 1 1 1 9 3 3 3 5 1 2 1 4 1 1 2 5 1 2 6 1 4 2 11 2 2 2 1 4 1 1 2 1 6 1 7 2 1 4 1 3 3 2 1 2 1 1 1 1 2 1 3 6 2 2 1 2 4 1 1 3 1 1 1 1 1 1 2 1 1 1 1 1 1 1 1 1 1 1 2 1 1 1 9 1 4 1 1 1 1 1 1 1 1 1 1 3 5 1 6 2 1 3 2 1 2 3 1 2 2 1 2 1 1 4 4 1 2 3 1 1 1 1 1 2 1 2 1 1 1 2 1 1 1 1 1 1 1 1 1 1 1 1 4 1 1 1 1 1 64 1 1 2 1 1 2 1 2 1 1 
1 1 1 2 1 1 1 2 2 1 1 2 1 1 2 1 1 1 1 1 1 1 2 1 1 1 1 1 2 2 1 12 3 1 2 1 1 1 1 1 1 1 2 7 1 1 2 2 1 1 2 1 3 1 1 1 1 5 1 7 3 1 2 1 2 2 1 1 1 1 1 1 1 1 2 17 5 2 2 1 2 4 1 1 3 1 1 1 1 1 1 4 1 2 1 1 1 1 1 1 1 1 1 1 1 1 1 2 1 2 1 1 1 1 1 1 1 1 1 1 2 4 1 6 2 1 1 4 2 1 1 1 2 2 1 1 1 1 5 4 1 3 4 1 1 1 1 1 2 1 2 1 1 1 2 1 1 1 1 1 2 1 1 1 1 1 1 7 1 1 1 1 1 9 1 1 1 1 1 1 1 1 1 1 
5 23 6 135 10 7 1 10 68 21 2 64 6 6 48 22 16 2 8 15 1 3 27 2 3 2 6 2 22 94 6 284 133 13 85 5 7 1 2 3 8 10 44 285 3 12 48 17 33 4 131 2 125 9 57 36 1 208 7 253 195 15 67 2 47 97 50 1 3 3 2 16 3 33 48 1204 158 89 72 5 138 238 2 17 43 33 36 4 6 1 1 66 56 44 9 2 13 1 15 2 15 16 9 22 5 5 3 7 5 81 6 3 4 5 3 4 5 9 29 4 92 251 2 233 56 9 6 352 60 4 5 18 12 87 5 32 4 71 276 210 6 327 622 6 30 1 2 2 163 16 74 2 23 14 62 2 2 5 5 3 37 4 13 2 1 3 12 458 1 22 16 31 4 75 18 1 5 29 1 4 13 39 9 7 
1 1 1 1 1 1 1 1 1 1 1 1 1 1 1 1 1 1 1 1 1 1 2 1 1 1 1 1 2 2 1 5 2 1 1 1 1 1 1 1 1 1 1 4 1 1 1 2 1 1 1 1 2 1 1 1 1 3 1 4 2 1 2 1 1 1 1 1 1 1 1 1 1 1 1 5 3 1 1 1 1 2 1 1 2 1 1 1 1 1 1 2 1 1 1 1 1 1 1 1 1 1 1 1 1 1 1 1 1 1 1 1 1 1 1 1 1 1 1 1 1 2 1 3 1 1 1 2 1 1 1 1 1 1 1 1 1 1 2 2 1 2 2 1 1 1 1 1 1 1 1 1 1 1 1 1 1 1 1 1 1 1 1 1 1 1 1 3 1 1 1 1 1 8 1 1 1 1 1 1 1 1 1 1 
1 2 1 8 3 1 1 2 11 3 1 13 1 1 6 3 2 1 2 3 1 1 6 1 1 1 1 1 15 17 2 84 12 2 5 1 3 1 1 2 5 2 8 77 1 5 10 9 5 2 9 1 22 2 3 8 1 50 1 73 20 2 9 1 6 7 5 1 2 1 1 3 1 5 6 95 48 8 6 2 10 35 1 2 17 5 2 1 1 1 1 20 4 6 1 1 2 1 2 1 3 3 2 3 1 1 1 6 1 9 1 1 1 1 1 1 1 2 4 1 8 17 1 65 15 2 2 18 6 2 2 4 4 17 2 5 1 5 39 60 1 15 15 1 4 1 1 1 6 2 6 1 4 2 16 1 1 1 1 1 5 1 2 1 1 1 2 52 1 2 2 5 1 76 3 1 2 5 1 2 2 3 1 1 
1 2 1 4 2 1 1 3 3 1 1 3 1 1 3 2 1 1 1 1 1 1 4 1 1 1 1 1 3 4 2 22 7 1 4 1 2 1 1 1 2 1 2 13 1 2 3 3 2 1 4 1 6 1 2 2 1 10 1 12 6 1 4 1 3 4 2 1 1 1 1 1 1 2 4 46 8 3 3 1 4 9 1 1 5 2 2 1 1 1 1 7 2 3 1 1 1 1 1 1 1 1 1 2 1 1 1 2 1 4 1 1 1 1 1 1 1 1 3 1 4 11 1 11 3 1 2 10 3 1 1 2 3 4 1 2 1 3 9 9 1 8 12 1 3 1 1 1 6 1 4 1 2 1 3 1 1 1 1 1 3 1 1 1 1 1 1 14 1 2 1 2 1 10 1 1 1 2 1 2 1 3 1 1 
1 1 1 2 2 1 1 2 2 1 1 3 1 1 2 1 1 1 1 1 1 1 2 1 1 1 1 1 4 3 1 22 3 1 2 1 1 1 1 1 2 1 2 13 1 2 2 3 2 1 2 1 5 1 1 2 1 9 1 12 4 1 3 1 2 2 2 1 1 1 1 1 1 2 2 22 9 2 2 1 2 6 1 1 5 2 1 1 1 1 1 6 2 2 1 1 1 1 1 1 1 1 1 1 1 1 1 2 1 3 1 1 1 1 1 1 1 1 2 1 2 5 1 11 3 1 1 4 2 1 1 2 2 3 1 2 1 2 7 9 1 4 4 1 2 1 1 1 2 1 2 1 1 1 3 1 1 1 1 1 2 1 1 1 1 1 1 9 1 1 1 2 1 20 1 1 1 2 1 1 1 2 1 1 
2 2 1 4 8 1 1 133 2 2 1 2 1 1 8 2 2 2 1 2 1 3 7 1 3 1 2 1 10 2 7 104 1 1 2 1 6 1 1 3 7 1 2 3 1 4 3 8 1 4 2 1 2 2 2 3 2 3 1 3 4 1 2 1 1 2 2 1 4 2 2 2 2 2 30 26 3 3 3 2 2 2 2 2 74 4 2 2 3 1 1 52 3 14 1 1 1 1 3 1 2 2 2 1 1 2 1 17 1 1 1 1 2 2 1 2 1 4 12 1 1 2 2 3 3 3 162 6 5 3 6 17 100 3 3 2 2 3 3 5 1 4 3 1 14 1 1 3 4 2 2 1 2 2 3 1 1 1 1 1 12 1 2 1 1 2 1 3 1 2 2 2 3 22 3 1 3 11 1 87 2 4 2 2 
1 1 1 1 1 1 1 1 1 1 1 1 1 1 1 1 1 1 1 1 1 1 1 1 1 1 1 1 1 1 1 4 1 1 1 1 1 1 1 1 1 1 1 2 1 1 1 1 1 1 1 1 2 1 1 1 1 2 1 2 1 1 1 1 1 1 1 1 1 1 1 1 1 1 1 4 2 1 1 1 1 2 1 1 2 1 1 1 1 1 1 2 1 1 1 1 1 1 1 1 1 1 1 1 1 1 1 1 1 1 1 1 1 1 1 1 1 1 1 1 1 2 1 2 1 1 1 1 1 1 1 1 1 1 1 1 1 1 2 2 1 1 1 1 1 1 1 1 1 1 1 1 1 1 1 1 1 1 1 1 1 1 1 1 1 1 1 2 1 1 1 1 1 5 1 1 1 1 1 1 1 1 1 1 
1 5 2 10 8 2 1 3 10 3 1 11 2 2 6 3 2 1 2 3 1 2 21 1 1 1 2 1 10 15 4 21 49 3 21 2 5 1 1 2 5 2 7 43 1 7 8 11 6 3 12 1 25 2 5 6 1 35 2 44 17 4 25 1 16 29 7 1 2 1 2 3 1 5 7 60 30 8 7 2 13 33 1 2 6 4 5 1 2 1 1 7 5 5 2 1 3 1 2 1 3 3 2 5 1 2 1 5 1 25 2 1 1 2 1 1 2 2 4 2 23 86 1 37 9 2 3 22 6 2 4 3 3 12 1 7 2 6 30 22 2 20 35 2 4 1 1 2 15 3 23 1 4 3 9 1 1 1 2 1 5 1 2 1 1 2 3 43 1 4 3 5 2 42 3 1 2 4 1 1 2 11 2 2 
1 1 1 1 1 1 1 1 1 1 1 1 1 1 1 1 1 1 1 1 1 1 1 1 1 1 1 1 1 1 1 3 1 1 1 1 1 1 1 1 1 1 1 2 1 1 1 1 1 1 1 1 1 1 1 1 1 2 1 2 1 1 1 1 1 1 1 1 1 1 1 1 1 1 1 3 2 1 1 1 1 1 1 1 1 1 1 1 1 1 1 1 1 1 1 1 1 1 1 1 1 1 1 1 1 1 1 1 1 1 1 1 1 1 1 1 1 1 1 1 1 1 1 2 1 1 1 1 1 1 1 1 1 1 1 1 1 1 1 1 1 1 1 1 1 1 1 1 1 1 1 1 1 1 1 1 1 1 1 1 1 1 1 1 1 1 1 2 1 1 1 1 1 4 1 1 1 1 1 1 1 1 1 1 
1 1 1 1 1 1 1 1 1 1 1 1 1 1 1 1 1 1 1 1 1 1 2 1 1 1 1 1 2 2 1 9 2 1 1 1 1 1 1 1 1 1 1 4 1 1 1 2 1 1 1 1 2 1 1 1 1 3 1 4 2 1 1 1 1 1 1 1 1 1 1 1 1 1 2 11 3 1 1 1 1 2 1 1 3 1 1 1 1 1 1 3 1 1 1 1 1 1 1 1 1 1 1 1 1 1 1 1 1 1 1 1 1 1 1 1 1 1 1 1 1 2 1 3 1 1 1 2 1 1 1 1 1 2 1 1 1 1 3 3 1 2 2 1 1 1 1 1 1 1 1 1 1 1 1 1 1 1 1 1 1 1 1 1 1 1 1 4 1 1 1 1 1 6 1 1 1 1 1 1 1 1 1 1 
1 2 1 4 4 1 1 2 5 2 1 5 1 1 3 2 1 1 1 2 1 1 10 1 1 1 1 1 7 7 3 11 20 2 6 1 3 1 1 1 3 1 3 20 1 4 4 7 3 2 5 1 11 1 2 3 1 16 1 21 7 2 11 1 7 8 3 1 2 1 1 2 1 3 3 24 15 4 3 1 5 14 1 1 3 2 2 1 1 1 1 4 2 3 1 1 2 1 1 1 2 2 1 2 1 1 1 4 1 10 1 1 1 1 1 1 1 1 2 1 9 30 1 17 5 1 2 8 3 1 2 2 2 5 1 3 1 3 12 10 1 8 11 1 2 1 1 1 5 2 7 1 2 2 5 1 1 1 1 1 3 1 1 1 1 1 1 17 1 2 1 2 2 31 2 1 2 2 1 1 1 4 1 1 
1 1 1 1 1 1 1 1 1 1 1 1 1 1 1 1 1 1 1 1 1 1 2 1 1 1 1 1 2 2 1 3 3 1 1 1 1 1 1 1 1 1 1 4 1 1 1 2 1 1 1 1 2 1 1 1 1 3 1 4 2 1 2 1 2 2 1 1 1 1 1 1 1 1 1 5 3 1 1 1 1 2 1 1 2 1 1 1 1 1 1 2 1 1 1 1 1 1 1 1 1 1 1 1 1 1 1 2 1 2 1 1 1 1 1 1 1 1 1 1 2 3 1 3 1 1 1 2 1 1 1 1 1 1 1 1 1 1 2 2 1 2 2 1 1 1 1 1 1 1 1 1 1 1 1 1 1 1 1 1 1 1 1 1 1 1 1 3 1 1 1 1 1 9 1 1 1 1 1 1 1 1 1 1 
3 22 6 29 39 5 2 2 56 10 2 72 7 8 11 16 7 4 7 12 2 7 143 3 2 1 5 2 91 99 20 35 365 12 71 5 30 1 2 9 35 7 39 303 2 60 44 112 41 13 52 2 216 7 17 28 1 264 7 343 62 23 349 2 221 112 32 1 10 5 5 14 5 26 7 102 244 27 25 6 50 210 4 9 9 12 15 3 3 1 1 13 18 8 6 3 12 2 5 2 12 16 8 36 4 3 2 37 4 270 6 3 3 4 5 3 4 3 6 4 158 440 4 263 53 4 3 53 16 10 20 4 2 64 3 56 8 20 145 101 4 60 112 13 6 1 3 5 37 13 95 2 19 13 51 2 1 4 5 4 8 3 6 1 1 7 12 194 1 11 9 20 10 588 8 1 14 7 1 1 6 33 6 5 
1 1 1 2 2 1 1 1 2 1 1 2 1 1 1 1 1 1 1 1 1 1 3 1 1 1 1 1 3 2 1 4 3 1 2 1 1 1 1 1 2 1 1 5 1 2 1 3 1 1 2 1 3 1 1 1 1 4 1 5 2 1 3 1 2 2 1 1 1 1 1 1 1 1 1 6 4 1 1 1 2 3 1 1 2 1 1 1 1 1 1 2 1 1 1 1 1 1 1 1 1 1 1 1 1 1 1 2 1 2 1 1 1 1 1 1 1 1 1 1 2 4 1 5 2 1 1 2 1 1 1 1 1 2 1 1 1 1 3 3 1 2 3 1 1 1 1 1 2 1 2 1 1 1 2 1 1 1 1 1 1 1 1 1 1 1 1 4 1 1 1 1 1 14 1 1 1 1 1 1 1 1 1 1 
1 1 1 2 2 1 1 1 2 1 1 2 1 1 1 1 1 1 1 1 1 1 3 1 1 1 1 1 2 2 1 5 3 1 2 1 1 1 1 1 1 1 1 5 1 1 1 2 1 1 2 1 3 1 1 1 1 4 1 5 2 1 2 1 2 2 1 1 1 1 1 1 1 1 2 8 3 1 1 1 2 3 1 1 2 1 1 1 1 1 1 2 1 1 1 1 1 1 1 1 1 1 1 1 1 1 1 2 1 2 1 1 1 1 1 1 1 1 1 1 2 5 1 4 2 1 1 3 1 1 1 1 1 2 1 1 1 1 3 3 1 2 3 1 1 1 1 1 2 1 2 1 1 1 2 1 1 1 1 1 1 1 1 1 1 1 1 4 1 1 1 1 1 8 1 1 1 1 1 1 1 2 1 1 
1 1 1 3 2 1 1 2 3 1 1 3 1 1 2 1 1 1 1 1 1 1 3 1 1 1 1 1 4 4 1 19 5 1 2 1 2 1 1 1 2 1 2 15 1 2 3 3 2 1 3 1 6 1 1 2 1 10 1 14 5 1 3 1 3 3 2 1 1 1 1 1 1 2 3 27 9 2 2 1 3 9 1 1 5 2 1 1 1 1 1 5 2 2 1 1 1 1 1 1 1 1 1 2 1 1 1 2 1 3 1 1 1 1 1 1 1 1 2 1 3 7 1 12 3 1 1 6 2 1 1 2 2 4 1 2 1 2 9 9 1 5 6 1 2 1 1 1 3 1 2 1 1 1 3 1 1 1 1 1 2 1 1 1 1 1 1 15 1 1 1 2 1 18 1 1 1 2 1 1 1 2 1 1 
3 13 5 11 99 4 2 4 33 7 2 49 6 6 4 11 5 9 6 10 3 20 316 5 1 1 4 2 398 57 58 17 119 8 28 4 171 1 2 34 203 5 26 155 2 355 32 886 26 55 22 2 115 7 8 21 2 142 6 194 25 15 137 2 93 42 18 2 39 12 17 11 14 18 2 20 168 12 12 8 21 89 12 6 10 7 8 2 2 1 2 9 9 3 4 3 9 3 3 2 10 14 7 26 4 3 2 267 4 97 5 3 2 3 5 2 3 2 2 4 59 121 10 145 41 3 10 15 7 41 84 2 3 38 3 41 16 9 59 51 3 19 32 11 2 1 3 16 12 10 39 4 14 10 36 2 1 3 4 4 3 2 4 1 1 23 10 67 1 6 6 14 20 3722 5 2 59 3 1 6 4 19 5 4 
1 1 1 2 4 1 1 3 2 1 1 3 1 1 1 1 1 1 1 1 1 1 8 1 1 1 1 1 14 3 3 6 4 1 2 1 4 1 1 2 6 1 2 8 1 5 2 13 2 2 2 1 5 1 1 2 1 7 1 8 3 1 4 1 3 2 2 1 2 1 1 1 1 2 1 4 7 2 2 1 2 5 1 1 4 1 1 1 1 1 1 4 1 1 1 1 1 1 1 1 1 1 1 2 1 1 1 16 1 3 1 1 1 1 1 1 1 1 1 1 3 5 1 7 3 1 4 2 2 2 3 1 2 3 1 2 1 1 4 4 1 2 3 1 1 1 1 1 2 1 2 1 1 1 3 1 1 1 1 1 1 1 1 1 1 1 1 5 1 1 1 2 1 106 1 1 2 1 1 2 1 2 1 1 
1 3 2 4 18 1 1 3 8 2 1 10 2 2 2 3 2 2 2 3 1 3 126 1 1 1 2 1 45 12 10 7 24 2 8 1 17 1 1 4 21 2 6 31 1 28 7 71 5 7 6 1 21 2 3 5 1 27 2 36 8 3 23 1 15 10 5 1 5 2 3 3 2 4 1 9 30 4 4 2 6 19 2 2 4 3 3 1 1 1 1 4 3 2 2 1 2 1 2 1 3 3 2 5 1 1 1 32 1 18 2 1 1 1 1 1 1 1 1 1 12 27 2 28 9 1 5 6 3 5 11 1 2 9 1 7 3 3 14 13 1 7 10 2 1 1 1 3 5 3 9 1 3 3 8 1 1 1 1 1 2 1 2 1 1 3 2 17 1 2 2 4 4 362 2 1 6 2 1 3 2 6 2 2 
1 2 1 2 8 1 1 3 4 2 1 5 1 1 2 2 1 1 1 2 1 2 18 1 1 1 1 1 33 6 5 9 8 1 3 1 10 1 1 3 15 1 3 14 1 11 4 36 3 4 3 1 9 1 2 3 1 12 1 16 4 2 8 1 6 4 3 1 4 1 2 2 2 3 1 5 14 2 2 1 3 8 1 1 6 2 2 1 1 1 1 5 2 2 1 1 2 1 1 1 2 2 2 3 1 1 1 35 1 7 1 1 1 1 1 1 1 1 1 1 5 9 1 13 5 1 5 3 2 3 6 2 3 5 1 4 2 2 7 7 1 3 4 1 1 1 1 2 2 2 4 1 2 2 5 1 1 1 1 1 2 1 1 1 1 2 2 8 1 1 1 2 2 272 2 1 3 2 1 3 1 3 1 1 
1 2 1 5 3 1 1 2 7 2 1 8 1 1 4 2 1 1 1 2 1 1 5 1 1 1 1 1 9 11 2 38 10 1 4 1 2 1 1 1 3 1 5 48 1 4 6 7 3 2 6 1 16 1 2 4 1 33 1 46 12 2 7 1 5 5 4 1 2 1 1 2 1 4 4 54 29 5 4 1 7 27 1 2 9 3 2 1 1 1 1 10 3 4 1 1 2 1 2 1 2 2 2 3 1 1 1 4 1 7 1 1 1 1 1 1 1 1 3 1 6 15 1 39 8 1 1 12 4 1 2 3 2 10 1 4 1 3 26 23 1 10 12 1 3 1 1 1 5 2 5 1 3 2 8 1 1 1 1 1 3 1 2 1 1 1 2 35 1 2 1 3 1 47 2 1 2 3 1 2 1 3 1 1 
1 3 1 3 11 1 1 3 6 2 1 8 1 2 2 3 2 2 2 2 1 2 28 1 1 1 1 1 54 10 7 10 14 2 5 1 14 1 1 4 23 2 5 26 1 21 6 83 4 5 5 1 16 2 2 5 1 22 1 31 6 3 14 1 10 7 4 1 5 2 2 2 2 4 1 8 26 4 3 2 5 15 2 2 6 3 2 1 1 1 1 6 3 2 1 1 2 1 1 1 2 3 2 4 1 1 1 39 1 11 1 1 1 1 1 1 1 1 1 1 8 16 2 24 8 1 5 5 3 4 8 2 2 8 1 6 2 3 12 12 1 5 7 2 1 1 1 2 3 2 6 1 3 2 7 1 1 1 1 1 2 1 2 1 1 2 2 14 1 2 2 3 3 519 2 1 5 2 1 3 1 4 1 1 
1 1 1 3 2 1 1 2 4 1 1 4 1 1 2 1 1 1 1 1 1 1 3 1 1 1 1 1 5 5 1 23 5 1 3 1 2 1 1 1 2 1 3 20 1 2 3 4 2 1 3 1 7 1 2 2 1 14 1 20 6 1 4 1 3 3 2 1 1 1 1 1 1 2 3 29 13 3 2 1 3 11 1 1 6 2 1 1 1 1 1 6 2 3 1 1 1 1 1 1 1 1 1 2 1 1 1 3 1 4 1 1 1 1 1 1 1 1 2 1 3 7 1 17 4 1 1 6 2 1 1 2 2 5 1 2 1 2 11 11 1 5 6 1 2 1 1 1 3 1 3 1 2 1 4 1 1 1 1 1 2 1 1 1 1 1 1 16 1 1 1 2 1 25 1 1 1 2 1 1 1 2 1 1 
1 1 1 1 1 1 1 2 1 1 1 1 1 1 1 1 1 1 1 1 1 1 1 1 1 1 1 1 1 1 1 9 1 1 1 1 1 1 1 1 1 1 1 2 1 1 1 1 1 1 1 1 1 1 1 1 1 2 1 2 1 1 1 1 1 1 1 1 1 1 1 1 1 1 2 7 2 1 1 1 1 2 1 1 3 1 1 1 1 1 1 3 1 1 1 1 1 1 1 1 1 1 1 1 1 1 1 1 1 1 1 1 1 1 1 1 1 1 1 1 1 2 1 2 1 1 2 2 1 1 1 1 2 1 1 1 1 1 2 2 1 1 2 1 1 1 1 1 1 1 1 1 1 1 1 1 1 1 1 1 1 1 1 1 1 1 1 2 1 1 1 1 1 2 1 1 1 1 1 1 1 1 1 1 
1 1 1 1 1 1 1 1 1 1 1 1 1 1 1 1 1 1 1 1 1 1 1 1 1 1 1 1 1 1 1 2 1 1 1 1 1 1 1 1 1 1 1 1 1 1 1 1 1 1 1 1 1 1 1 1 1 1 1 1 1 1 1 1 1 1 1 1 1 1 1 1 1 1 1 2 1 1 1 1 1 1 1 1 1 1 1 1 1 1 1 1 1 1 1 1 1 1 1 1 1 1 1 1 1 1 1 1 1 1 1 1 1 1 1 1 1 1 1 1 1 1 1 1 1 1 1 1 1 1 1 1 1 1 1 1 1 1 1 1 1 1 1 1 1 1 1 1 1 1 1 1 1 1 1 1 1 1 1 1 1 1 1 1 1 1 1 1 1 1 1 1 1 1 1 1 1 1 1 1 1 1 1 1 
1 1 1 1 1 1 1 1 1 1 1 1 1 1 1 1 1 1 1 1 1 1 1 1 1 1 1 1 2 1 1 4 1 1 1 1 1 1 1 1 1 1 1 2 1 1 1 1 1 1 1 1 1 1 1 1 1 2 1 3 1 1 1 1 1 1 1 1 1 1 1 1 1 1 1 4 2 1 1 1 1 2 1 1 2 1 1 1 1 1 1 2 1 1 1 1 1 1 1 1 1 1 1 1 1 1 1 1 1 1 1 1 1 1 1 1 1 1 1 1 1 2 1 2 1 1 1 1 1 1 1 1 1 1 1 1 1 1 2 2 1 1 1 1 1 1 1 1 1 1 1 1 1 1 1 1 1 1 1 1 1 1 1 1 1 1 1 2 1 1 1 1 1 6 1 1 1 1 1 1 1 1 1 1 
1 1 1 2 1 1 1 2 2 1 1 2 1 1 2 1 1 1 1 1 1 1 2 1 1 1 1 1 3 2 1 20 3 1 2 1 1 1 1 1 1 1 2 7 1 1 2 2 1 1 2 1 3 1 1 2 1 5 1 7 4 1 2 1 2 2 1 1 1 1 1 1 1 1 3 29 5 2 2 1 2 5 1 1 5 1 1 1 1 1 1 5 1 2 1 1 1 1 1 1 1 1 1 1 1 1 1 2 1 2 1 1 1 1 1 1 1 1 2 1 2 4 1 6 2 1 2 5 2 1 1 2 2 2 1 1 1 2 5 5 1 4 4 1 2 1 1 1 2 1 2 1 1 1 2 1 1 1 1 1 2 1 1 1 1 1 1 9 1 1 1 1 1 8 1 1 1 2 1 1 1 2 1 1 
1 1 1 3 2 1 1 2 2 1 1 3 1 1 2 1 1 1 1 1 1 1 2 1 1 1 1 1 3 3 1 23 4 1 2 1 1 1 1 1 2 1 2 10 1 2 2 2 2 1 3 1 4 1 1 2 1 7 1 10 5 1 3 1 2 2 2 1 1 1 1 1 1 2 3 35 7 2 2 1 3 6 1 1 5 2 1 1 1 1 1 6 2 2 1 1 1 1 1 1 1 1 1 1 1 1 1 2 1 3 1 1 1 1 1 1 1 1 2 1 3 5 1 8 3 1 2 6 2 1 1 2 2 3 1 2 1 2 7 7 1 5 5 1 2 1 1 1 3 1 2 1 1 1 3 1 1 1 1 1 2 1 1 1 1 1 1 13 1 1 1 2 1 11 1 1 1 2 1 1 1 2 1 1 
1 2 2 7 4 1 1 2 12 3 1 16 1 1 5 3 2 1 2 3 1 2 8 1 1 1 1 1 31 19 3 62 14 2 5 1 5 1 1 2 8 2 8 85 1 8 11 17 6 3 8 1 29 2 3 8 1 60 1 95 17 2 11 1 8 7 6 1 3 1 2 3 1 5 4 55 71 7 5 2 9 36 1 2 17 5 2 1 1 1 1 18 4 5 2 1 2 1 2 1 3 3 2 4 1 1 1 12 1 11 1 1 1 1 1 1 1 2 3 1 9 18 1 75 17 2 2 14 6 2 3 4 3 16 2 7 2 4 33 39 1 12 13 2 3 1 1 2 6 3 6 1 4 3 16 1 1 1 1 1 4 1 2 1 1 2 2 42 1 2 2 5 2 218 3 1 2 4 1 2 2 3 1 1 
1 1 1 2 1 1 1 2 2 1 1 2 1 1 2 1 1 1 1 1 1 1 2 1 1 1 1 1 2 2 1 12 3 1 2 1 1 1 1 1 1 1 1 6 1 1 2 2 1 1 2 1 3 1 1 1 1 5 1 6 3 1 2 1 2 2 1 1 1 1 1 1 1 1 2 17 4 2 1 1 2 4 1 1 3 1 1 1 1 1 1 4 1 2 1 1 1 1 1 1 1 1 1 1 1 1 1 2 1 2 1 1 1 1 1 1 1 1 1 1 2 4 1 5 2 1 1 4 2 1 1 1 2 2 1 1 1 1 4 4 1 3 3 1 1 1 1 1 2 1 2 1 1 1 2 1 1 1 1 1 2 1 1 1 1 1 1 6 1 1 1 1 1 8 1 1 1 1 1 1 1 1 1 1 
1 1 1 1 1 1 1 1 1 1 1 1 1 1 1 1 1 1 1 1 1 1 1 1 1 1 1 1 2 1 1 5 2 1 1 1 1 1 1 1 1 1 1 3 1 1 1 1 1 1 1 1 2 1 1 1 1 2 1 3 1 1 1 1 1 1 1 1 1 1 1 1 1 1 1 5 2 1 1 1 1 2 1 1 2 1 1 1 1 1 1 2 1 1 1 1 1 1 1 1 1 1 1 1 1 1 1 1 1 1 1 1 1 1 1 1 1 1 1 1 1 2 1 3 1 1 1 2 1 1 1 1 1 1 1 1 1 1 2 2 1 1 2 1 1 1 1 1 1 1 1 1 1 1 1 1 1 1 1 1 1 1 1 1 1 1 1 2 1 1 1 1 1 6 1 1 1 1 1 1 1 1 1 1 
1 3 1 3 12 1 1 3 7 2 1 9 1 2 2 3 2 2 2 2 1 3 30 1 1 1 1 1 63 10 8 11 14 2 5 1 17 1 1 5 28 2 5 26 1 23 6 83 5 6 5 1 16 2 2 5 1 23 2 31 6 3 14 1 10 7 4 1 6 2 3 2 2 4 1 8 26 4 3 2 5 15 2 2 7 3 2 1 1 1 1 6 3 2 1 1 2 1 1 1 2 3 2 4 1 1 1 50 1 12 1 1 1 1 1 1 1 1 1 1 8 15 2 25 8 1 5 5 3 5 10 2 3 8 1 6 2 3 12 12 1 5 7 2 1 1 1 3 3 2 6 1 3 2 8 1 1 1 1 1 2 1 2 1 1 2 2 13 1 2 2 3 3 586 2 1 5 2 1 3 1 4 1 1 
1 2 1 9 3 1 1 3 8 2 1 9 1 1 6 3 2 1 1 2 1 1 6 1 1 1 1 1 8 12 2 58 13 2 6 1 2 1 1 1 3 2 5 42 1 3 7 6 4 2 10 1 16 2 3 5 1 30 1 40 20 2 8 1 6 8 5 1 2 1 1 2 1 4 7 117 26 8 7 1 12 28 1 2 12 4 3 1 1 1 1 14 4 6 1 1 2 1 2 1 2 2 2 3 1 1 1 4 1 9 1 1 1 1 1 1 1 2 4 1 8 20 1 35 8 2 2 24 6 1 2 4 3 11 1 4 1 5 32 29 1 24 22 1 4 1 1 1 8 2 6 1 3 2 9 1 1 1 1 1 5 1 2 1 1 1 2 51 1 2 2 4 1 30 2 1 2 4 1 2 2 4 1 1 
1 1 1 1 1 1 1 1 1 1 1 1 1 1 1 1 1 1 1 1 1 1 1 1 1 1 1 1 1 1 1 6 1 1 1 1 1 1 1 1 1 1 1 1 1 1 1 1 1 1 1 1 1 1 1 1 1 1 1 1 1 1 1 1 1 1 1 1 1 1 1 1 1 1 1 3 1 1 1 1 1 1 1 1 2 1 1 1 1 1 1 2 1 1 1 1 1 1 1 1 1 1 1 1 1 1 1 1 1 1 1 1 1 1 1 1 1 1 1 1 1 1 1 1 1 1 1 1 1 1 1 1 1 1 1 1 1 1 1 1 1 1 1 1 1 1 1 1 1 1 1 1 1 1 1 1 1 1 1 1 1 1 1 1 1 1 1 1 1 1 1 1 1 2 1 1 1 1 1 1 1 1 1 1 
1 1 1 3 1 1 1 3 2 1 1 3 1 1 3 1 1 1 1 1 1 1 2 1 1 1 1 1 3 3 1 116 3 1 2 1 1 1 1 1 2 1 2 9 1 2 2 2 2 1 2 1 4 1 1 2 1 7 1 9 5 1 2 1 2 2 2 1 1 1 1 1 1 2 4 57 6 2 2 1 3 6 1 1 9 2 1 1 1 1 1 10 2 3 1 1 1 1 1 1 1 1 1 1 1 1 1 2 1 2 1 1 1 1 1 1 1 1 2 1 2 4 1 8 3 1 2 6 3 1 1 2 3 3 1 2 1 2 6 11 1 4 4 1 2 1 1 1 3 1 2 1 1 1 3 1 1 1 1 1 3 1 1 1 1 1 1 9 1 1 1 2 1 10 1 1 1 2 1 2 1 2 1 1 
1 2 1 4 2 1 1 3 3 1 1 3 1 1 3 2 1 1 1 1 1 1 5 1 1 1 1 1 3 4 2 18 7 1 4 1 2 1 1 1 2 1 2 11 1 2 3 3 2 1 4 1 6 1 2 2 1 9 1 11 6 1 5 1 3 5 2 1 1 1 1 1 1 2 5 40 8 3 3 1 4 8 1 1 5 2 2 1 1 1 1 6 2 3 1 1 1 1 1 1 1 1 1 2 1 1 1 2 1 5 1 1 1 1 1 1 1 1 3 1 4 12 1 10 3 1 3 10 3 1 2 2 3 4 1 2 1 3 9 8 1 7 13 1 3 1 1 1 6 1 4 1 2 1 3 1 1 1 1 1 3 1 1 1 1 1 1 13 1 2 1 2 1 9 1 1 1 3 1 2 1 3 1 1 
2 4 2 28 2 2 1 8 19 7 1 19 2 2 26 6 4 1 2 5 1 1 4 1 2 1 2 1 14 25 2 2330 16 3 10 2 3 1 1 2 4 3 13 84 1 4 16 7 8 2 21 1 28 3 7 14 1 57 2 75 58 3 11 1 8 11 11 1 2 1 2 5 1 9 26 906 51 25 16 2 24 50 1 4 74 21 5 2 3 1 1 100 12 29 3 1 3 1 5 1 5 5 4 5 2 2 1 5 2 12 2 1 2 2 1 2 2 4 15 2 13 24 1 71 22 4 5 80 29 2 2 14 13 27 3 8 1 14 68 93 2 48 38 2 16 1 1 2 18 5 9 1 7 4 24 1 1 2 2 1 21 2 5 1 1 2 3 98 1 4 3 10 2 44 8 1 2 19 1 5 3 6 2 2 
1 2 1 8 2 1 1 14 5 2 1 5 1 1 12 2 2 1 1 2 1 1 2 1 2 1 1 1 4 6 1 274 5 2 4 1 1 1 1 1 2 2 4 13 1 2 4 2 3 1 6 1 6 2 3 4 1 10 1 12 11 2 3 1 3 4 3 1 1 1 1 2 1 3 31 199 9 6 5 1 6 9 1 2 48 5 3 1 2 1 1 56 4 24 1 1 2 1 3 1 2 2 2 2 1 1 1 2 1 4 1 1 1 1 1 1 1 3 13 1 4 7 1 11 5 2 9 20 8 1 1 11 17 6 2 3 1 5 12 15 1 12 11 1 14 1 1 1 7 2 4 1 2 2 5 1 1 1 1 1 18 1 2 1 1 1 2 16 1 2 2 3 1 7 3 1 1 15 1 6 2 4 1 1 
6 2 3 16 13 5 2 982 10 9 2 10 1 1 61 5 6 5 4 7 3 6 9 3 19 4 3 1 53 9 15 1771 1 2 3 2 16 2 1 12 28 4 9 19 2 11 11 24 4 12 8 2 7 6 5 14 16 14 1 18 20 1 2 1 2 2 6 2 17 3 9 5 5 7 233 208 17 15 10 6 9 10 6 5 1498 27 4 6 21 2 2 868 9 128 4 1 3 2 16 2 7 5 6 3 4 4 4 89 3 2 3 3 13 3 2 4 3 29 92 2 2 2 7 18 15 14 855 29 30 11 15 196 1515 13 31 5 5 11 15 31 2 15 8 2 109 7 1 10 10 5 2 2 6 5 16 2 2 3 2 1 97 6 8 6 3 4 3 16 1 4 3 9 6 115 14 2 7 105 4 1211 4 5 3 3 
3 14 6 13 100 4 3 4 44 8 2 65 7 8 5 14 5 11 7 12 3 22 313 6 1 1 4 2 615 76 60 25 136 10 31 5 202 1 3 43 286 6 34 215 2 475 43 1303 34 64 26 2 153 9 9 28 2 194 6 271 32 17 161 2 110 48 22 2 50 14 21 14 19 23 2 26 236 15 14 11 26 117 15 7 14 8 8 3 2 1 2 13 11 4 5 3 11 3 3 2 12 18 9 33 5 3 2 360 5 115 6 3 3 4 6 2 3 2 2 4 69 138 12 202 55 3 10 18 9 51 93 3 3 50 3 54 18 10 78 69 4 23 37 13 2 1 3 21 13 12 43 4 18 13 49 2 1 4 5 4 3 3 5 1 1 26 12 87 1 6 6 18 21 6251 6 2 71 4 1 6 4 19 5 4 
1 1 1 1 1 1 1 1 1 1 1 1 1 1 1 1 1 1 1 1 1 1 1 1 1 1 1 1 1 1 1 7 1 1 1 1 1 1 1 1 1 1 1 1 1 1 1 1 1 1 1 1 1 1 1 1 1 1 1 1 1 1 1 1 1 1 1 1 1 1 1 1 1 1 1 4 1 1 1 1 1 1 1 1 2 1 1 1 1 1 1 2 1 1 1 1 1 1 1 1 1 1 1 1 1 1 1 1 1 1 1 1 1 1 1 1 1 1 1 1 1 1 1 1 1 1 1 1 1 1 1 1 1 1 1 1 1 1 1 1 1 1 1 1 1 1 1 1 1 1 1 1 1 1 1 1 1 1 1 1 1 1 1 1 1 1 1 1 1 1 1 1 1 2 1 1 1 1 1 1 1 1 1 1 
1 1 1 4 2 1 1 2 3 1 1 3 1 1 3 1 1 1 1 1 1 1 3 1 1 1 1 1 3 4 1 30 4 1 3 1 1 1 1 1 2 1 2 12 1 2 2 3 2 1 3 1 5 1 2 2 1 9 1 11 6 1 3 1 2 3 2 1 1 1 1 1 1 2 4 51 8 3 2 1 4 8 1 1 6 2 1 1 1 1 1 7 2 3 1 1 1 1 1 1 1 1 1 1 1 1 1 2 1 3 1 1 1 1 1 1 1 1 2 1 3 7 1 10 3 1 2 9 3 1 1 2 2 4 1 2 1 2 9 9 1 7 7 1 2 1 1 1 3 1 3 1 1 1 3 1 1 1 1 1 3 1 1 1 1 1 1 13 1 1 1 2 1 11 1 1 1 2 1 1 1 2 1 1 
1 1 1 2 1 1 1 2 1 1 1 1 1 1 2 1 1 1 1 1 1 1 1 1 1 1 1 1 2 2 1 38 2 1 1 1 1 1 1 1 1 1 1 3 1 1 1 1 1 1 1 1 2 1 1 1 1 2 1 3 2 1 1 1 1 1 1 1 1 1 1 1 1 1 3 17 2 1 1 1 1 2 1 1 5 1 1 1 1 1 1 5 1 2 1 1 1 1 1 1 1 1 1 1 1 1 1 1 1 1 1 1 1 1 1 1 1 1 2 1 1 2 1 3 1 1 2 3 1 1 1 2 2 2 1 1 1 1 2 3 1 2 2 1 2 1 1 1 2 1 1 1 1 1 1 1 1 1 1 1 2 1 1 1 1 1 1 3 1 1 1 1 1 3 1 1 1 2 1 1 1 1 1 1 
2 4 2 16 4 2 1 3 15 4 1 16 2 2 9 4 3 1 2 4 1 1 8 1 1 1 2 1 12 22 2 95 21 2 10 1 3 1 1 2 4 2 10 81 1 5 12 8 7 2 20 1 30 2 5 9 1 56 2 74 39 3 14 1 10 13 9 1 2 1 1 4 1 7 10 206 47 14 11 2 24 54 1 3 18 7 4 1 2 1 1 23 8 10 2 1 3 1 3 1 3 4 2 5 2 1 1 5 2 15 2 1 1 1 1 1 1 2 6 1 14 35 1 66 15 2 2 43 11 2 2 5 4 21 2 7 2 9 64 56 1 37 40 2 6 1 1 1 14 3 10 1 5 3 16 1 1 1 1 1 8 1 3 1 1 1 3 105 1 3 2 7 2 46 4 1 2 7 1 2 2 6 2 2 
2 16 4 22 28 3 1 3 33 7 2 40 5 5 9 10 5 2 4 8 1 5 99 2 2 1 4 1 46 56 14 26 354 9 56 4 18 1 2 6 20 5 23 163 2 32 26 58 24 8 35 1 113 5 13 17 1 140 5 177 42 16 227 2 109 85 21 1 6 3 4 9 3 16 7 82 125 19 17 4 34 121 3 6 7 9 12 2 2 1 1 9 13 7 4 2 8 1 4 1 7 10 5 20 3 3 2 21 3 165 4 2 2 3 3 2 3 3 6 3 105 340 3 140 31 3 4 42 12 6 13 4 2 38 2 30 5 15 89 62 3 45 85 7 6 1 2 4 31 8 73 2 12 8 30 2 1 3 3 3 7 2 5 1 1 4 8 123 1 8 7 13 7 257 6 1 8 6 1 1 4 29 5 4 
1 3 1 7 4 1 1 2 9 2 1 10 1 1 4 3 2 1 1 2 1 1 8 1 1 1 1 1 11 15 2 35 17 2 7 1 3 1 1 2 4 2 6 55 1 5 7 8 5 2 11 1 23 2 3 5 1 41 1 55 16 2 11 1 8 9 5 1 2 1 1 2 1 4 5 64 35 6 5 1 10 37 1 2 8 4 3 1 1 1 1 10 4 5 1 1 2 1 2 1 2 3 2 3 1 1 1 5 1 12 1 1 1 1 1 1 1 2 3 1 15 27 1 46 9 2 1 16 5 2 2 3 2 12 1 5 1 4 32 27 1 15 32 1 3 1 1 1 7 2 7 1 3 2 9 1 1 1 1 1 4 1 2 1 1 1 2 48 1 2 2 4 2 52 2 1 2 4 1 1 1 4 1 1 
2 10 4 9 65 3 2 4 26 5 2 38 4 5 4 9 4 6 5 8 2 13 202 4 1 1 3 2 283 45 38 16 87 6 22 3 104 1 2 22 133 4 21 124 2 231 25 565 20 34 18 1 88 6 7 17 1 111 4 153 21 11 97 2 66 32 14 2 25 8 11 9 9 14 2 19 131 10 10 6 17 70 8 5 9 6 6 2 2 1 1 9 8 3 4 2 7 2 2 1 8 11 6 19 3 2 1 179 3 71 4 2 2 3 4 2 2 2 2 3 44 91 6 115 32 2 8 13 6 26 52 2 3 30 2 31 11 7 48 42 3 16 26 8 2 1 2 11 10 8 29 3 11 8 29 2 1 3 3 3 3 2 4 1 1 14 7 55 1 5 4 11 13 2680 4 1 35 3 1 5 3 14 4 3 
1 2 1 6 2 1 1 6 3 2 1 4 1 1 6 2 1 1 1 2 1 1 3 1 1 1 1 1 3 4 1 76 5 1 4 1 1 1 1 1 1 1 3 11 1 2 3 2 2 1 4 1 5 1 2 3 1 8 1 10 8 1 3 1 3 4 3 1 1 1 1 2 1 2 12 124 7 4 3 1 5 8 1 1 14 3 2 1 1 1 1 17 3 7 1 1 1 1 2 1 2 2 1 2 1 1 1 2 1 4 1 1 1 1 1 1 1 2 5 1 4 7 1 9 4 1 4 15 5 1 1 4 6 4 1 2 1 3 9 10 1 9 9 1 6 1 1 1 6 1 3 1 2 1 4 1 1 1 1 1 6 1 1 1 1 1 1 13 1 2 1 2 1 6 2 1 1 5 1 3 1 3 1 1 
3 26 4 34 28 4 1 19 19 8 2 19 5 5 18 9 7 2 4 6 1 4 67 2 3 1 8 2 9 26 14 40 110 10 83 5 8 1 2 3 6 5 14 53 2 11 14 15 14 5 33 2 38 4 21 11 1 46 6 51 37 13 55 2 36 74 16 1 3 3 2 7 2 11 35 174 36 22 20 3 33 53 2 7 10 10 24 2 4 1 1 14 17 18 4 2 7 1 9 2 6 7 4 11 3 5 2 6 3 56 4 2 2 7 3 5 5 5 18 5 54 176 2 46 15 5 18 73 18 4 8 9 11 21 3 14 5 21 51 35 5 63 112 5 19 1 2 2 77 7 67 2 9 6 15 3 1 3 4 3 17 3 6 2 1 3 6 74 1 19 12 10 8 25 7 1 5 12 1 5 6 160 10 8 
1 2 1 5 2 1 1 2 7 2 1 8 1 1 4 2 1 1 1 2 1 1 4 1 1 1 1 1 9 10 2 52 8 1 4 1 2 1 1 1 3 1 5 45 1 3 6 6 3 2 6 1 14 2 2 5 1 30 1 43 13 2 6 1 4 5 4 1 2 1 1 2 1 3 4 63 28 5 4 1 6 22 1 2 11 3 2 1 1 1 1 13 3 4 1 1 2 1 2 1 2 2 2 2 1 1 1 4 1 6 1 1 1 1 1 1 1 1 3 1 6 12 1 38 8 1 1 12 4 1 2 3 3 11 1 4 1 3 24 33 1 10 11 1 3 1 1 1 5 2 4 1 3 2 9 1 1 1 1 1 4 1 2 1 1 1 2 33 1 2 1 3 1 46 2 1 2 3 1 2 1 3 1 1 
1 2 1 4 3 1 1 2 6 2 1 8 1 1 3 2 1 1 1 2 1 1 5 1 1 1 1 1 10 10 2 31 9 1 4 1 2 1 1 1 3 1 4 50 1 4 5 7 3 2 5 1 15 1 2 4 1 35 1 48 10 2 7 1 5 5 3 1 2 1 1 2 1 3 3 40 29 4 3 1 5 22 1 1 8 3 2 1 1 1 1 9 3 3 1 1 1 1 1 1 2 2 1 2 1 1 1 5 1 6 1 1 1 1 1 1 1 1 2 1 6 13 1 40 7 1 1 9 3 1 2 2 2 8 1 4 1 3 20 19 1 8 9 1 2 1 1 1 4 2 4 1 2 2 7 1 1 1 1 1 3 1 1 1 1 1 2 27 1 2 1 3 1 54 2 1 2 3 1 2 1 3 1 1 
1 2 1 8 3 1 1 2 11 3 1 12 1 1 5 3 2 1 2 3 1 1 6 1 1 1 1 1 14 16 2 76 12 2 5 1 3 1 1 2 4 2 7 75 1 4 10 8 4 2 9 1 22 2 3 8 1 48 1 70 19 2 9 1 6 7 5 1 2 1 1 3 1 5 6 90 45 7 5 2 9 35 1 2 16 4 2 1 1 1 1 19 4 6 1 1 2 1 2 1 3 3 2 3 1 1 1 6 1 9 1 1 1 1 1 1 1 2 4 1 8 17 1 62 13 2 2 18 6 2 2 4 3 16 1 5 1 5 38 55 1 14 15 1 4 1 1 1 6 2 6 1 4 2 14 1 1 1 1 1 5 1 2 1 1 1 2 51 1 2 2 5 1 70 2 1 2 4 1 2 1 3 1 1 
1 2 1 3 3 1 1 1 4 1 1 4 1 1 2 2 1 1 1 1 1 1 5 1 1 1 1 1 7 6 2 14 8 1 3 1 2 1 1 1 3 1 3 21 1 3 3 6 2 1 3 1 10 1 2 3 1 16 1 23 6 1 6 1 4 4 2 1 1 1 1 1 1 2 2 20 16 3 2 1 4 12 1 1 4 2 2 1 1 1 1 5 2 2 1 1 1 1 1 1 1 2 1 2 1 1 1 4 1 6 1 1 1 1 1 1 1 1 2 1 5 11 1 18 4 1 1 6 2 1 2 2 2 5 1 3 1 2 10 10 1 5 7 1 2 1 1 1 3 1 3 1 2 1 4 1 1 1 1 1 2 1 1 1 1 1 1 14 1 1 1 2 1 41 1 1 1 2 1 1 1 2 1 1 
2 4 2 20 4 2 1 3 29 5 1 29 2 2 12 7 3 1 3 6 1 2 9 1 2 1 2 1 21 41 3 141 27 3 12 2 4 1 1 2 7 3 18 177 1 7 22 13 10 3 24 1 53 3 6 16 1 115 2 160 57 4 19 1 13 16 14 1 3 1 2 5 2 12 10 238 98 19 14 2 27 99 1 4 26 10 5 2 2 1 1 33 10 12 2 1 4 1 3 1 5 6 4 7 2 2 1 8 2 20 2 1 2 2 1 1 2 3 7 1 19 43 1 143 29 3 2 48 14 2 3 6 5 42 2 12 2 11 129 117 2 41 44 2 7 1 1 2 15 5 13 1 8 5 31 1 1 2 2 1 9 2 3 1 1 2 4 179 1 4 3 12 2 100 5 1 3 8 1 2 2 6 2 2 
2 5 2 15 6 2 1 10 8 3 1 8 2 2 10 3 3 1 2 3 1 2 12 1 2 1 2 1 4 10 4 46 23 3 17 2 3 1 1 2 3 2 6 23 1 4 6 5 5 2 12 1 14 2 7 5 1 19 2 22 17 3 13 1 9 16 6 1 2 1 1 3 1 5 20 134 15 10 8 2 13 21 1 3 11 6 7 1 2 1 1 15 7 12 2 1 3 1 4 1 3 3 2 4 2 2 1 2 2 13 2 1 1 2 1 2 2 3 10 2 14 37 1 20 7 2 8 36 9 2 3 6 8 9 2 5 2 8 22 18 2 26 37 2 10 1 1 1 26 3 14 1 4 3 7 1 1 1 2 1 10 1 3 1 1 1 2 32 1 5 3 4 2 9 3 1 2 8 1 4 2 16 3 2 
3 7 3 42 4 3 1 21 16 7 1 15 2 2 41 6 6 1 3 5 1 2 7 1 3 1 3 1 6 19 3 357 22 4 19 2 2 1 1 1 2 4 11 48 1 3 13 4 8 2 25 1 22 3 12 11 1 36 3 42 48 4 13 1 10 19 12 1 1 1 1 5 1 9 76 967 29 27 19 2 27 39 1 5 57 17 10 2 4 1 1 78 16 49 3 1 4 1 12 1 5 5 4 6 2 3 2 2 2 15 2 2 3 3 2 3 2 7 34 2 16 37 1 41 15 6 12 128 31 2 2 22 23 20 4 8 2 21 50 52 2 70 64 2 37 1 1 1 46 5 15 1 7 5 16 2 1 2 2 2 40 2 5 1 1 2 4 76 1 8 5 9 2 12 8 1 2 29 1 7 4 15 4 3 
1 1 1 1 1 1 1 1 1 1 1 1 1 1 1 1 1 1 1 1 1 1 2 1 1 1 1 1 2 1 1 3 1 1 1 1 1 1 1 1 1 1 1 2 1 1 1 2 1 1 1 1 1 1 1 1 1 2 1 2 1 1 1 1 1 1 1 1 1 1 1 1 1 1 1 2 2 1 1 1 1 2 1 1 2 1 1 1 1 1 1 2 1 1 1 1 1 1 1 1 1 1 1 1 1 1 1 2 1 1 1 1 1 1 1 1 1 1 1 1 1 2 1 2 1 1 1 1 1 1 1 1 1 1 1 1 1 1 1 2 1 1 1 1 1 1 1 1 1 1 1 1 1 1 1 1 1 1 1 1 1 1 1 1 1 1 1 2 1 1 1 1 1 19 1 1 1 1 1 1 1 1 1 1 
2 5 2 20 5 2 1 3 31 5 1 32 2 2 11 8 3 1 3 6 1 2 12 1 1 1 2 1 23 47 3 109 34 3 14 2 5 1 1 2 7 3 19 195 1 8 23 15 12 3 27 1 64 3 6 16 1 132 2 179 54 4 23 1 16 19 17 1 3 2 2 6 2 13 10 205 108 19 15 2 29 124 2 4 21 9 5 2 2 1 1 27 10 11 3 1 4 1 3 1 5 6 4 8 2 2 1 8 2 25 2 1 2 2 2 1 2 3 7 2 23 55 1 157 29 3 2 47 13 3 3 6 4 41 2 13 2 11 133 101 2 42 50 2 7 1 1 2 17 6 15 1 9 5 31 1 1 2 2 1 9 2 3 1 1 2 4 191 1 4 3 11 2 110 5 1 3 8 1 2 2 7 2 2 
1 1 1 1 1 1 1 1 1 1 1 2 1 1 1 1 1 1 1 1 1 1 2 1 1 1 1 1 2 2 1 4 3 1 1 1 1 1 1 1 1 1 1 4 1 1 1 2 1 1 1 1 2 1 1 1 1 3 1 4 2 1 2 1 2 2 1 1 1 1 1 1 1 1 1 6 3 1 1 1 1 3 1 1 2 1 1 1 1 1 1 2 1 1 1 1 1 1 1 1 1 1 1 1 1 1 1 2 1 2 1 1 1 1 1 1 1 1 1 1 2 3 1 4 1 1 1 2 1 1 1 1 1 2 1 1 1 1 3 2 1 2 2 1 1 1 1 1 1 1 2 1 1 1 1 1 1 1 1 1 1 1 1 1 1 1 1 3 1 1 1 1 1 9 1 1 1 1 1 1 1 1 1 1 
2 4 2 15 5 2 1 2 22 4 1 24 2 2 8 5 3 1 2 4 1 2 12 1 1 1 2 1 19 36 3 67 34 3 13 2 5 1 1 2 7 2 14 140 1 8 16 14 10 3 21 1 55 3 5 11 1 101 2 135 36 4 22 1 15 18 12 1 2 1 2 5 2 9 8 133 83 14 11 2 22 97 1 3 14 7 5 1 2 1 1 18 8 8 2 1 3 1 3 1 4 5 3 7 2 1 1 8 2 24 2 1 2 2 1 1 1 2 5 1 22 55 1 114 21 2 2 35 10 2 3 4 3 28 2 11 2 9 83 64 2 32 42 2 5 1 1 2 14 4 14 1 7 4 21 1 1 2 2 1 7 1 3 1 1 2 4 122 1 3 3 8 2 97 4 1 3 6 1 2 2 7 2 2 
3 8 4 36 7 4 1 3 70 10 1 70 3 3 18 15 6 2 5 11 1 2 17 1 2 1 2 1 40 103 4 188 59 5 24 2 7 1 1 3 11 5 42 446 1 13 50 24 24 4 52 1 132 6 11 34 1 293 3 398 109 7 40 1 28 33 32 1 4 2 2 12 2 29 14 360 236 36 28 4 57 268 2 7 34 17 9 2 3 1 1 45 19 17 4 1 7 1 5 1 11 12 7 15 3 2 2 13 3 44 4 2 2 2 2 2 2 4 10 2 42 95 2 355 64 4 2 85 24 4 5 9 6 94 3 26 2 21 290 222 2 78 90 4 10 1 1 2 28 11 26 1 19 11 67 1 1 3 3 2 14 2 6 1 1 3 8 392 1 6 5 23 3 201 8 1 4 12 1 3 4 11 3 3 
2 2 2 13 1 2 1 10 10 4 1 11 1 1 17 4 3 1 2 3 1 1 2 1 2 1 1 1 12 13 1 1516 7 2 5 1 2 1 1 2 4 2 7 39 1 3 9 5 5 2 10 1 14 2 4 8 1 27 1 36 24 2 5 1 5 6 6 1 2 1 1 3 1 5 21 334 27 11 8 2 11 23 1 3 109 10 3 2 2 1 1 140 6 22 2 1 2 1 3 1 3 3 2 3 2 1 1 6 1 6 2 1 2 1 1 1 1 4 11 1 6 10 1 34 12 3 6 32 14 2 2 13 15 14 3 5 1 7 29 134 1 20 16 2 12 1 1 1 9 3 5 1 4 3 13 1 1 1 1 1 16 2 3 1 1 1 2 39 1 3 2 6 1 36 4 1 2 16 1 6 2 3 2 1 
1 5 2 10 8 2 1 8 7 3 1 7 2 2 7 3 2 1 2 2 1 2 17 1 1 1 2 1 4 9 4 23 25 3 17 2 3 1 1 2 3 2 5 20 1 4 5 6 5 2 10 1 13 2 5 4 1 17 2 19 13 3 14 1 10 16 5 1 2 1 1 3 1 4 13 69 14 7 6 2 10 18 1 2 6 4 6 1 2 1 1 8 5 8 2 1 2 1 3 1 2 3 2 4 1 2 1 3 1 14 2 1 1 2 1 2 2 2 7 2 14 40 1 17 6 2 8 23 6 2 3 4 6 8 2 5 2 6 18 14 2 19 29 2 7 1 1 1 18 2 14 1 3 2 6 1 1 1 2 1 7 1 2 1 1 2 2 25 1 5 3 4 3 12 3 1 2 5 1 3 2 24 3 2 
2 7 2 12 13 2 1 2 20 4 1 25 2 3 6 6 3 2 3 5 1 3 42 1 1 1 2 1 36 34 7 23 85 4 21 2 11 1 1 4 14 3 14 111 1 19 16 38 19 5 18 1 69 3 6 11 1 93 3 124 25 6 71 1 45 30 11 1 4 2 2 5 2 9 5 52 88 11 10 3 18 72 2 4 7 6 6 2 2 1 1 9 7 5 2 1 4 1 3 1 4 6 3 11 2 2 1 16 2 79 2 1 2 2 2 2 2 2 4 2 41 111 2 96 20 2 2 23 8 4 7 3 2 24 2 17 3 8 54 42 2 24 38 4 4 1 1 2 14 5 25 1 7 5 19 1 1 2 2 2 5 2 3 1 1 3 4 72 1 4 3 8 4 231 4 1 5 4 1 1 2 11 3 2 
2 5 2 16 6 2 1 14 8 4 1 7 2 2 12 4 3 1 2 3 1 2 11 1 2 1 2 1 3 10 4 63 20 3 15 2 2 1 1 1 2 2 6 21 1 3 6 4 5 2 12 1 12 2 7 5 1 17 2 19 18 3 11 1 8 15 6 1 1 1 1 3 1 5 29 168 14 11 8 2 13 19 1 3 15 6 7 1 2 1 1 19 7 15 2 1 3 1 5 1 3 3 2 4 2 2 1 2 2 12 2 1 2 2 1 2 2 3 12 2 12 32 1 18 7 3 11 40 10 2 2 8 11 9 2 5 2 9 21 19 2 28 35 2 14 1 1 1 27 3 13 1 4 3 7 1 1 2 2 1 13 1 3 1 1 1 2 31 1 5 3 5 2 7 4 1 2 10 1 4 2 16 3 2 
2 7 2 16 8 2 1 8 10 4 1 10 2 2 9 4 3 1 2 3 1 2 18 1 2 1 2 1 6 14 5 38 36 3 24 2 4 1 1 2 4 2 7 34 1 5 8 7 6 2 15 1 20 2 8 6 1 27 2 32 21 4 19 1 13 24 8 1 2 1 1 3 1 6 16 123 22 11 9 2 16 29 1 3 9 6 8 1 2 1 1 12 8 10 2 1 3 1 4 1 3 3 2 5 2 2 1 3 2 20 2 1 2 2 1 2 2 3 8 2 20 60 1 29 9 2 7 38 9 2 3 6 6 12 2 7 2 9 29 23 2 31 50 2 9 1 1 1 30 3 20 1 4 3 9 1 1 2 2 1 9 1 3 1 1 2 3 44 1 7 4 5 3 17 4 1 2 7 1 3 3 20 3 3 
1 2 1 5 1 1 1 8 4 2 1 4 1 1 7 2 2 1 1 2 1 1 2 1 1 1 1 1 3 4 1 185 4 1 3 1 1 1 1 1 2 1 3 11 1 2 3 2 2 1 4 1 5 1 2 3 1 8 1 10 8 1 3 1 2 3 3 1 1 1 1 2 1 2 15 134 7 4 3 1 4 7 1 1 30 4 2 1 1 1 1 35 3 12 1 1 1 1 2 1 2 2 1 2 1 1 1 2 1 3 1 1 1 1 1 1 1 2 7 1 3 5 1 9 4 2 6 13 5 1 1 6 9 5 1 2 1 3 9 11 1 8 7 1 7 1 1 1 5 2 3 1 2 2 4 1 1 1 1 1 9 1 2 1 1 1 1 12 1 2 1 2 1 7 2 1 1 8 1 4 1 3 1 1 
1 1 1 2 1 1 1 3 2 1 1 2 1 1 2 1 1 1 1 1 1 1 1 1 1 1 1 1 2 2 1 26 2 1 1 1 1 1 1 1 1 1 1 3 1 1 1 1 1 1 2 1 2 1 1 1 1 3 1 3 2 1 2 1 1 2 1 1 1 1 1 1 1 1 4 22 3 2 1 1 2 2 1 1 6 1 1 1 1 1 1 6 1 2 1 1 1 1 1 1 1 1 1 1 1 1 1 1 1 2 1 1 1 1 1 1 1 1 2 1 2 2 1 3 2 1 3 3 2 1 1 2 3 2 1 1 1 1 3 3 1 2 2 1 2 1 1 1 2 1 1 1 1 1 2 1 1 1 1 1 2 1 1 1 1 1 1 3 1 1 1 1 1 3 1 1 1 2 1 2 1 1 1 1 
2 9 2 12 12 2 1 7 9 3 1 10 2 2 7 4 3 1 2 3 1 2 30 1 1 1 3 1 7 13 6 18 45 4 26 2 5 1 1 2 5 2 7 29 1 7 7 10 6 3 13 1 20 2 7 5 1 25 2 29 16 5 25 1 16 26 7 1 2 2 2 3 2 5 11 62 21 9 8 2 13 26 1 3 5 5 7 1 2 1 1 7 6 7 2 1 3 1 3 1 3 3 2 5 2 2 1 5 2 24 2 1 1 2 2 2 2 2 6 2 22 71 1 25 8 2 7 25 7 2 5 4 4 10 2 7 2 8 24 18 2 22 38 2 6 1 1 2 21 3 23 1 4 3 8 1 1 2 2 2 6 1 3 1 1 2 3 34 1 5 4 5 3 23 3 1 3 5 1 2 2 33 3 2 
1 1 1 2 1 1 1 1 2 1 1 2 1 1 1 1 1 1 1 1 1 1 3 1 1 1 1 1 2 2 1 5 3 1 2 1 1 1 1 1 1 1 1 5 1 1 1 2 1 1 2 1 3 1 1 1 1 4 1 5 2 1 2 1 2 2 1 1 1 1 1 1 1 1 2 8 4 1 1 1 2 3 1 1 2 1 1 1 1 1 1 2 1 1 1 1 1 1 1 1 1 1 1 1 1 1 1 2 1 2 1 1 1 1 1 1 1 1 1 1 2 5 1 4 2 1 1 2 1 1 1 1 1 2 1 1 1 1 3 3 1 2 3 1 1 1 1 1 2 1 2 1 1 1 2 1 1 1 1 1 1 1 1 1 1 1 1 4 1 1 1 1 1 10 1 1 1 1 1 1 1 1 1 1 
1 1 1 1 1 1 1 1 1 1 1 1 1 1 1 1 1 1 1 1 1 1 2 1 1 1 1 1 1 1 1 3 2 1 1 1 1 1 1 1 1 1 1 2 1 1 1 1 1 1 1 1 1 1 1 1 1 2 1 2 1 1 1 1 1 1 1 1 1 1 1 1 1 1 1 4 2 1 1 1 1 2 1 1 1 1 1 1 1 1 1 1 1 1 1 1 1 1 1 1 1 1 1 1 1 1 1 1 1 1 1 1 1 1 1 1 1 1 1 1 1 2 1 2 1 1 1 1 1 1 1 1 1 1 1 1 1 1 2 2 1 1 1 1 1 1 1 1 1 1 1 1 1 1 1 1 1 1 1 1 1 1 1 1 1 1 1 2 1 1 1 1 1 4 1 1 1 1 1 1 1 1 1 1 
1 2 1 3 14 1 1 4 6 2 1 7 1 2 2 2 2 2 2 2 1 3 30 1 1 1 1 1 57 8 9 10 12 2 4 1 18 1 1 5 28 2 5 20 1 20 6 69 4 7 4 1 13 2 2 4 1 18 1 24 5 2 12 1 9 6 3 1 7 2 3 2 2 3 1 5 21 3 3 2 4 12 2 2 7 2 2 1 1 1 1 6 2 2 1 1 2 1 1 1 2 3 2 4 1 1 1 64 1 10 1 1 1 1 1 1 1 1 1 1 7 12 2 19 7 1 7 4 2 5 11 2 4 7 1 5 3 2 9 10 1 4 5 2 1 1 1 3 3 2 5 1 3 2 7 1 1 1 1 1 2 1 2 1 1 2 2 10 1 2 2 3 3 460 2 1 5 2 1 4 1 4 1 1 
1 1 1 1 1 1 1 1 1 1 1 1 1 1 1 1 1 1 1 1 1 1 1 1 1 1 1 1 1 1 1 4 1 1 1 1 1 1 1 1 1 1 1 2 1 1 1 1 1 1 1 1 1 1 1 1 1 2 1 2 1 1 1 1 1 1 1 1 1 1 1 1 1 1 1 4 2 1 1 1 1 2 1 1 2 1 1 1 1 1 1 2 1 1 1 1 1 1 1 1 1 1 1 1 1 1 1 1 1 1 1 1 1 1 1 1 1 1 1 1 1 1 1 2 1 1 1 1 1 1 1 1 1 1 1 1 1 1 2 2 1 1 1 1 1 1 1 1 1 1 1 1 1 1 1 1 1 1 1 1 1 1 1 1 1 1 1 2 1 1 1 1 1 5 1 1 1 1 1 1 1 1 1 1 
1 1 1 2 1 1 1 1 2 1 1 2 1 1 1 1 1 1 1 1 1 1 2 1 1 1 1 1 3 2 1 12 2 1 1 1 1 1 1 1 1 1 1 7 1 1 2 2 1 1 2 1 3 1 1 1 1 5 1 7 2 1 2 1 2 2 1 1 1 1 1 1 1 1 2 11 5 2 1 1 2 4 1 1 3 1 1 1 1 1 1 4 1 2 1 1 1 1 1 1 1 1 1 1 1 1 1 2 1 2 1 1 1 1 1 1 1 1 1 1 2 3 1 6 2 1 1 3 1 1 1 1 1 2 1 1 1 1 4 5 1 2 2 1 1 1 1 1 2 1 1 1 1 1 2 1 1 1 1 1 1 1 1 1 1 1 1 5 1 1 1 1 1 15 1 1 1 1 1 1 1 1 1 1 
1 2 1 9 2 1 1 7 6 2 1 6 1 1 11 2 2 1 1 2 1 1 3 1 1 1 1 1 5 7 1 625 6 2 4 1 2 1 1 1 2 1 4 21 1 2 5 3 3 1 7 1 8 2 3 4 1 15 1 19 14 2 4 1 4 5 4 1 1 1 1 2 1 3 15 441 14 7 5 1 7 14 1 2 31 5 3 1 2 1 1 40 4 13 1 1 2 1 2 1 2 2 2 2 1 1 1 3 1 5 1 1 1 1 1 1 1 2 7 1 5 9 1 18 6 2 5 25 9 1 1 7 8 8 2 3 1 5 17 21 1 15 13 1 8 1 1 1 8 2 4 1 3 2 7 1 1 1 1 1 10 1 2 1 1 1 2 24 1 2 2 3 1 13 3 1 1 8 1 4 2 3 1 1 
1 1 1 1 1 1 1 2 1 1 1 1 1 1 1 1 1 1 1 1 1 1 1 1 1 1 1 1 1 1 1 3 1 1 1 1 1 1 1 1 1 1 1 1 1 1 1 1 1 1 1 1 1 1 1 1 1 1 1 1 1 1 1 1 1 1 1 1 1 1 1 1 1 1 1 2 1 1 1 1 1 1 1 1 2 1 1 1 1 1 1 2 1 1 1 1 1 1 1 1 1 1 1 1 1 1 1 1 1 1 1 1 1 1 1 1 1 1 1 1 1 1 1 1 1 1 2 1 1 1 1 1 1 1 1 1 1 1 1 1 1 1 1 1 1 1 1 1 1 1 1 1 1 1 1 1 1 1 1 1 1 1 1 1 1 1 1 1 1 1 1 1 1 2 1 1 1 1 1 1 1 1 1 1 
1 1 1 1 1 1 1 1 1 1 1 1 1 1 1 1 1 1 1 1 1 1 1 1 1 1 1 1 1 1 1 7 1 1 1 1 1 1 1 1 1 1 1 2 1 1 1 1 1 1 1 1 2 1 1 1 1 2 1 2 2 1 1 1 1 1 1 1 1 1 1 1 1 1 1 9 2 1 1 1 1 2 1 1 2 1 1 1 1 1 1 2 1 1 1 1 1 1 1 1 1 1 1 1 1 1 1 1 1 1 1 1 1 1 1 1 1 1 1 1 1 2 1 2 1 1 1 2 1 1 1 1 1 1 1 1 1 1 2 2 1 2 2 1 1 1 1 1 1 1 1 1 1 1 1 1 1 1 1 1 1 1 1 1 1 1 1 2 1 1 1 1 1 3 1 1 1 1 1 1 1 1 1 1 
1 1 1 2 1 1 1 2 2 1 1 2 1 1 2 1 1 1 1 1 1 1 2 1 1 1 1 1 2 2 1 69 2 1 2 1 1 1 1 1 1 1 2 6 1 1 2 2 1 1 2 1 3 1 1 2 1 4 1 6 3 1 2 1 2 2 1 1 1 1 1 1 1 1 3 49 4 2 2 1 2 4 1 1 6 2 1 1 1 1 1 6 1 2 1 1 1 1 1 1 1 1 1 1 1 1 1 2 1 2 1 1 1 1 1 1 1 1 2 1 2 3 1 5 2 1 2 5 2 1 1 2 2 2 1 1 1 2 4 5 1 3 3 1 2 1 1 1 2 1 2 1 1 1 2 1 1 1 1 1 2 1 1 1 1 1 1 6 1 1 1 1 1 7 1 1 1 2 1 1 1 1 1 1 
1 2 1 2 5 1 1 2 3 1 1 3 1 1 1 1 1 1 1 1 1 1 11 1 1 1 1 1 15 4 3 5 6 1 3 1 5 1 1 2 7 1 2 9 1 6 3 18 2 2 2 1 6 1 1 2 1 8 1 10 3 1 5 1 4 3 2 1 2 1 1 1 1 2 1 4 9 2 2 1 2 6 1 1 4 2 1 1 1 1 1 3 2 1 1 1 1 1 1 1 1 1 1 2 1 1 1 14 1 4 1 1 1 1 1 1 1 1 1 1 3 6 1 8 3 1 4 2 2 2 4 1 2 3 1 2 1 2 5 5 1 3 3 1 1 1 1 1 2 1 3 1 2 1 3 1 1 1 1 1 1 1 1 1 1 1 1 5 1 1 1 2 2 118 1 1 2 1 1 2 1 2 1 1 
1 1 1 1 3 1 1 2 2 1 1 2 1 1 1 1 1 1 1 1 1 1 9 1 1 1 1 1 5 2 2 2 3 1 2 1 2 1 1 1 3 1 1 4 1 3 2 5 1 1 2 1 3 1 1 1 1 3 1 4 2 1 3 1 2 2 1 1 1 1 1 1 1 1 1 2 4 1 1 1 2 3 1 1 2 1 1 1 1 1 1 2 1 1 1 1 1 1 1 1 1 1 1 1 1 1 1 5 1 2 1 1 1 1 1 1 1 1 1 1 2 4 1 4 2 1 3 2 1 1 2 1 2 2 1 1 1 1 2 2 1 2 2 1 1 1 1 1 1 1 2 1 1 1 2 1 1 1 1 1 1 1 1 1 1 1 1 3 1 1 1 1 1 27 1 1 1 1 1 2 1 2 1 1 
1 1 1 2 1 1 1 3 1 1 1 2 1 1 2 1 1 1 1 1 1 1 1 1 1 1 1 1 2 2 1 35 2 1 1 1 1 1 1 1 1 1 1 3 1 1 1 1 1 1 2 1 2 1 1 1 1 3 1 3 2 1 1 1 1 1 1 1 1 1 1 1 1 1 3 18 3 2 1 1 2 2 1 1 8 1 1 1 1 1 1 8 1 2 1 1 1 1 1 1 1 1 1 1 1 1 1 2 1 1 1 1 1 1 1 1 1 1 2 1 1 2 1 3 2 1 3 3 2 1 1 2 3 2 1 1 1 1 3 3 1 2 2 1 2 1 1 1 2 1 1 1 1 1 2 1 1 1 1 1 2 1 1 1 1 1 1 3 1 1 1 1 1 4 1 1 1 2 1 2 1 1 1 1 
1 1 1 1 1 1 1 2 1 1 1 1 1 1 1 1 1 1 1 1 1 1 1 1 1 1 1 1 1 1 1 8 1 1 1 1 1 1 1 1 1 1 1 2 1 1 1 1 1 1 1 1 1 1 1 1 1 1 1 1 1 1 1 1 1 1 1 1 1 1 1 1 1 1 2 5 1 1 1 1 1 1 1 1 3 1 1 1 1 1 1 3 1 1 1 1 1 1 1 1 1 1 1 1 1 1 1 1 1 1 1 1 1 1 1 1 1 1 1 1 1 1 1 1 1 1 2 1 1 1 1 1 2 1 1 1 1 1 1 1 1 1 1 1 1 1 1 1 1 1 1 1 1 1 1 1 1 1 1 1 1 1 1 1 1 1 1 2 1 1 1 1 1 2 1 1 1 1 1 1 1 1 1 1 
1 1 1 2 1 1 1 1 2 1 1 2 1 1 1 1 1 1 1 1 1 1 2 1 1 1 1 1 3 2 1 11 2 1 1 1 1 1 1 1 1 1 1 7 1 1 2 2 1 1 2 1 3 1 1 1 1 5 1 6 2 1 2 1 2 2 1 1 1 1 1 1 1 1 2 11 4 1 1 1 2 4 1 1 3 1 1 1 1 1 1 3 1 2 1 1 1 1 1 1 1 1 1 1 1 1 1 2 1 2 1 1 1 1 1 1 1 1 1 1 2 3 1 5 2 1 1 3 1 1 1 1 1 2 1 1 1 1 4 4 1 2 2 1 1 1 1 1 2 1 1 1 1 1 2 1 1 1 1 1 1 1 1 1 1 1 1 5 1 1 1 1 1 11 1 1 1 1 1 1 1 1 1 1 
1 2 1 6 1 1 1 9 5 2 1 5 1 1 9 2 2 1 1 2 1 1 1 1 1 1 1 1 7 6 1 731 4 1 3 1 2 1 1 1 3 1 4 16 1 2 5 4 3 1 5 1 7 2 2 4 1 12 1 15 10 2 3 1 3 3 3 1 2 1 1 2 1 3 14 123 12 5 4 1 5 10 1 2 90 5 2 1 2 1 1 118 3 13 1 1 2 1 2 1 2 2 2 2 1 1 1 4 1 3 1 1 1 1 1 1 1 2 7 1 3 5 1 14 6 2 7 14 7 1 1 9 13 7 2 3 1 4 12 65 1 9 7 1 8 1 1 1 5 2 3 1 2 2 6 1 1 1 1 1 9 1 2 1 1 1 2 15 1 2 1 3 1 20 2 1 1 9 1 6 1 2 1 1 
1 1 1 2 2 1 1 1 3 1 1 3 1 1 2 1 1 1 1 1 1 1 4 1 1 1 1 1 5 4 1 11 5 1 2 1 2 1 1 1 2 1 2 13 1 2 2 4 2 1 2 1 7 1 1 2 1 10 1 14 4 1 4 1 3 3 2 1 1 1 1 1 1 2 2 14 10 2 2 1 2 7 1 1 4 2 1 1 1 1 1 4 1 2 1 1 1 1 1 1 1 1 1 2 1 1 1 3 1 3 1 1 1 1 1 1 1 1 1 1 3 6 1 11 3 1 1 4 2 1 1 1 1 3 1 2 1 2 6 6 1 3 4 1 2 1 1 1 2 1 2 1 1 1 3 1 1 1 1 1 2 1 1 1 1 1 1 9 1 1 1 2 1 29 1 1 1 2 1 1 1 2 1 1 
1 2 1 2 16 1 1 4 3 1 1 4 1 1 1 2 1 1 1 1 1 2 47 1 1 1 1 1 11 4 7 2 11 2 4 1 6 1 1 2 6 1 3 9 1 7 3 16 2 3 3 1 7 1 2 2 1 8 1 10 3 2 9 1 6 5 2 1 2 1 2 2 1 2 2 4 8 2 2 1 3 6 1 1 2 2 2 1 1 1 1 1 2 1 1 1 1 1 1 1 1 2 1 2 1 1 1 11 1 7 1 1 1 1 1 1 1 1 1 1 5 12 1 8 3 1 6 3 2 2 5 1 2 3 1 3 2 2 5 4 1 3 5 1 2 1 1 2 3 2 5 1 2 2 3 1 1 1 1 1 1 1 1 1 1 2 1 6 1 2 1 2 3 54 1 1 2 1 1 2 1 5 1 1 
1 1 1 3 2 1 1 2 2 1 1 3 1 1 2 1 1 1 1 1 1 1 2 1 1 1 1 1 3 3 1 25 4 1 2 1 1 1 1 1 2 1 2 9 1 2 2 2 2 1 3 1 4 1 1 2 1 7 1 9 5 1 3 1 2 3 2 1 1 1 1 1 1 2 3 44 6 2 2 1 3 6 1 1 6 2 1 1 1 1 1 6 2 3 1 1 1 1 1 1 1 1 1 1 1 1 1 2 1 3 1 1 1 1 1 1 1 1 2 1 3 5 1 8 3 1 2 7 2 1 1 2 2 3 1 2 1 2 7 7 1 6 6 1 2 1 1 1 3 1 2 1 1 1 3 1 1 1 1 1 2 1 1 1 1 1 1 10 1 1 1 2 1 9 1 1 1 2 1 1 1 2 1 1 
1 1 1 1 1 1 1 1 1 1 1 1 1 1 1 1 1 1 1 1 1 1 1 1 1 1 1 1 2 1 1 5 1 1 1 1 1 1 1 1 1 1 1 3 1 1 1 1 1 1 1 1 2 1 1 1 1 2 1 3 1 1 1 1 1 1 1 1 1 1 1 1 1 1 1 6 2 1 1 1 1 2 1 1 2 1 1 1 1 1 1 2 1 1 1 1 1 1 1 1 1 1 1 1 1 1 1 1 1 1 1 1 1 1 1 1 1 1 1 1 1 2 1 2 1 1 1 2 1 1 1 1 1 1 1 1 1 1 2 2 1 1 2 1 1 1 1 1 1 1 1 1 1 1 1 1 1 1 1 1 1 1 1 1 1 1 1 2 1 1 1 1 1 5 1 1 1 1 1 1 1 1 1 1 
1 1 1 1 1 1 1 1 1 1 1 1 1 1 1 1 1 1 1 1 1 1 1 1 1 1 1 1 2 1 1 12 1 1 1 1 1 1 1 1 1 1 1 3 1 1 1 1 1 1 1 1 1 1 1 1 1 2 1 3 1 1 1 1 1 1 1 1 1 1 1 1 1 1 1 6 2 1 1 1 1 2 1 1 2 1 1 1 1 1 1 2 1 1 1 1 1 1 1 1 1 1 1 1 1 1 1 1 1 1 1 1 1 1 1 1 1 1 1 1 1 2 1 2 1 1 1 2 1 1 1 1 1 1 1 1 1 1 2 2 1 1 1 1 1 1 1 1 1 1 1 1 1 1 1 1 1 1 1 1 1 1 1 1 1 1 1 2 1 1 1 1 1 5 1 1 1 1 1 1 1 1 1 1 
2 7 2 19 7 2 1 6 13 4 1 13 2 2 10 5 3 1 2 4 1 2 17 1 2 1 2 1 8 18 4 46 43 4 27 2 4 1 1 2 4 2 9 50 1 6 10 8 8 2 19 1 27 2 9 8 1 39 2 47 27 5 23 1 15 28 9 1 2 1 2 4 1 7 14 151 32 13 11 2 20 41 1 3 10 7 9 1 2 1 1 14 9 10 2 1 3 1 4 1 4 4 3 6 2 2 1 4 2 24 2 1 2 2 2 2 2 3 8 2 24 76 1 42 12 3 5 46 11 2 3 5 5 16 2 8 2 11 41 32 2 39 67 2 8 1 1 2 32 4 23 1 5 3 12 1 1 2 2 1 9 2 3 1 1 2 3 63 1 7 4 6 3 26 4 1 2 7 1 2 3 16 3 2 
1 1 1 1 1 1 1 1 1 1 1 1 1 1 1 1 1 1 1 1 1 1 2 1 1 1 1 1 2 2 1 8 2 1 1 1 1 1 1 1 1 1 1 3 1 1 1 1 1 1 1 1 2 1 1 1 1 3 1 3 2 1 1 1 1 1 1 1 1 1 1 1 1 1 2 11 2 1 1 1 1 2 1 1 2 1 1 1 1 1 1 3 1 1 1 1 1 1 1 1 1 1 1 1 1 1 1 1 1 1 1 1 1 1 1 1 1 1 1 1 1 2 1 3 1 1 1 3 1 1 1 1 1 1 1 1 1 1 2 2 1 2 2 1 1 1 1 1 1 1 1 1 1 1 1 1 1 1 1 1 1 1 1 1 1 1 1 3 1 1 1 1 1 4 1 1 1 1 1 1 1 1 1 1 
1 1 1 1 1 1 1 1 1 1 1 1 1 1 1 1 1 1 1 1 1 1 2 1 1 1 1 1 2 1 1 6 2 1 1 1 1 1 1 1 1 1 1 3 1 1 1 1 1 1 1 1 2 1 1 1 1 2 1 3 2 1 1 1 1 1 1 1 1 1 1 1 1 1 1 7 2 1 1 1 1 2 1 1 2 1 1 1 1 1 1 2 1 1 1 1 1 1 1 1 1 1 1 1 1 1 1 1 1 1 1 1 1 1 1 1 1 1 1 1 1 2 1 3 1 1 1 2 1 1 1 1 1 1 1 1 1 1 2 2 1 2 2 1 1 1 1 1 1 1 1 1 1 1 1 1 1 1 1 1 1 1 1 1 1 1 1 3 1 1 1 1 1 4 1 1 1 1 1 1 1 1 1 1 
1 3 1 6 8 1 1 2 9 2 1 11 2 2 4 3 2 1 2 2 1 2 23 1 1 1 1 1 18 15 5 14 36 2 10 1 6 1 1 2 7 2 6 46 1 9 7 19 6 3 8 1 28 2 3 5 1 38 2 51 12 3 34 1 20 14 5 1 2 1 2 3 1 5 3 28 36 6 5 2 9 30 1 2 5 3 3 1 1 1 1 6 4 3 2 1 2 1 2 1 2 3 2 5 1 1 1 9 1 30 1 1 1 1 1 1 1 2 3 1 17 48 1 40 9 2 2 12 4 2 4 2 1 11 1 7 2 4 24 19 1 12 18 2 3 1 1 2 7 2 12 1 3 2 9 1 1 1 1 1 3 1 2 1 1 2 2 32 1 2 2 4 2 112 2 1 3 3 1 1 2 6 2 1 
1 1 1 2 1 1 1 3 1 1 1 1 1 1 2 1 1 1 1 1 1 1 1 1 1 1 1 1 2 2 1 23 2 1 1 1 1 1 1 1 1 1 1 3 1 1 1 1 1 1 2 1 2 1 1 1 1 2 1 3 2 1 1 1 1 1 1 1 1 1 1 1 1 1 4 18 2 1 1 1 2 2 1 1 5 1 1 1 1 1 1 6 1 2 1 1 1 1 1 1 1 1 1 1 1 1 1 1 1 1 1 1 1 1 1 1 1 1 2 1 1 2 1 3 1 1 3 3 2 1 1 2 3 2 1 1 1 1 3 3 1 2 2 1 2 1 1 1 2 1 1 1 1 1 2 1 1 1 1 1 2 1 1 1 1 1 1 3 1 1 1 1 1 3 1 1 1 2 1 2 1 1 1 1 
3 2 2 10 7 3 1 387 5 4 1 4 1 1 27 3 4 2 2 3 1 3 5 1 6 2 2 1 11 5 6 512 2 2 3 2 5 1 1 4 7 2 4 8 1 4 5 6 2 4 5 1 4 3 4 6 4 6 2 7 10 2 1 1 1 3 4 1 5 2 3 3 2 4 115 114 6 8 6 2 6 5 2 3 308 11 4 3 7 1 1 218 6 51 2 1 2 1 8 1 3 3 3 2 2 3 2 18 2 1 2 2 4 2 1 3 2 11 41 2 2 3 2 7 6 6 277 19 14 4 5 62 515 6 8 2 2 7 8 13 2 10 7 1 48 2 1 3 8 3 2 1 3 3 6 2 1 2 2 1 41 3 4 2 1 2 2 9 1 4 3 4 3 21 6 1 3 39 2 220 3 6 2 2 
2 16 4 21 29 3 1 3 34 7 2 42 5 5 8 10 5 3 4 8 1 5 100 2 2 1 4 1 52 58 15 26 260 9 52 4 19 1 2 6 22 5 24 173 2 35 27 64 25 9 35 1 120 5 12 18 1 149 5 190 41 16 229 2 120 79 21 1 6 3 4 9 3 17 7 78 135 19 17 4 34 125 3 6 7 8 11 2 2 1 1 10 13 7 4 2 8 1 4 1 8 10 5 21 3 3 2 23 3 168 4 2 2 3 3 2 3 3 5 3 102 313 3 149 32 3 3 40 12 7 13 4 2 39 2 32 5 14 91 64 3 43 80 7 5 1 2 4 29 8 68 2 12 8 31 2 1 3 3 3 6 2 5 1 1 5 8 123 1 8 6 13 7 303 6 1 9 6 1 1 4 27 5 4 
1 2 1 2 8 1 1 4 4 2 1 5 1 1 2 2 1 1 1 2 1 2 17 1 1 1 1 1 32 6 5 9 8 1 3 1 9 1 1 3 15 1 3 13 1 11 4 34 3 4 3 1 9 1 2 3 1 12 1 15 4 2 8 1 6 4 3 1 4 1 2 2 2 2 1 5 13 2 2 1 3 8 1 1 6 2 2 1 1 1 1 5 2 2 1 1 2 1 1 1 2 2 1 3 1 1 1 35 1 6 1 1 1 1 1 1 1 1 1 1 5 8 1 13 5 1 6 3 2 3 6 2 3 5 1 4 2 2 7 7 1 3 4 1 1 1 1 2 2 2 4 1 2 2 5 1 1 1 1 1 2 1 1 1 1 2 2 7 1 1 1 2 2 256 1 1 3 2 1 3 1 3 1 1 
1 1 1 2 1 1 1 2 2 1 1 2 1 1 2 1 1 1 1 1 1 1 2 1 1 1 1 1 2 2 1 9 2 1 2 1 1 1 1 1 1 1 1 4 1 1 1 2 1 1 2 1 2 1 1 1 1 3 1 4 2 1 2 1 2 2 1 1 1 1 1 1 1 1 2 15 3 2 1 1 2 3 1 1 3 1 1 1 1 1 1 3 1 2 1 1 1 1 1 1 1 1 1 1 1 1 1 1 1 2 1 1 1 1 1 1 1 1 1 1 2 3 1 4 2 1 2 3 1 1 1 1 2 2 1 1 1 1 3 3 1 3 3 1 1 1 1 1 2 1 2 1 1 1 2 1 1 1 1 1 2 1 1 1 1 1 1 4 1 1 1 1 1 4 1 1 1 1 1 1 1 1 1 1 
1 2 1 6 3 1 1 2 8 2 1 9 1 1 4 2 2 1 1 2 1 1 5 1 1 1 1 1 9 12 2 43 11 2 5 1 3 1 1 1 3 1 5 50 1 4 6 7 4 2 7 1 17 2 2 5 1 34 1 47 14 2 7 1 5 6 4 1 2 1 1 2 1 4 5 64 30 5 4 1 7 29 1 2 10 3 2 1 1 1 1 12 3 4 1 1 2 1 2 1 2 2 2 3 1 1 1 4 1 8 1 1 1 1 1 1 1 1 3 1 7 16 1 41 8 1 1 14 4 1 2 3 3 11 1 4 1 4 30 27 1 11 13 1 3 1 1 1 5 2 5 1 3 2 8 1 1 1 1 1 4 1 2 1 1 1 2 42 1 2 1 3 1 45 2 1 2 3 1 2 1 3 1 1 
1 1 1 2 2 1 1 1 2 1 1 2 1 1 1 1 1 1 1 1 1 1 3 1 1 1 1 1 2 2 1 5 4 1 2 1 1 1 1 1 1 1 1 5 1 2 2 2 1 1 2 1 3 1 1 1 1 4 1 5 2 1 3 1 2 2 1 1 1 1 1 1 1 1 2 9 4 2 1 1 2 4 1 1 2 1 1 1 1 1 1 2 1 2 1 1 1 1 1 1 1 1 1 1 1 1 1 2 1 2 1 1 1 1 1 1 1 1 1 1 2 5 1 4 2 1 1 3 1 1 1 1 1 2 1 1 1 1 3 3 1 2 3 1 1 1 1 1 2 1 2 1 1 1 2 1 1 1 1 1 1 1 1 1 1 1 1 4 1 1 1 1 1 9 1 1 1 1 1 1 1 2 1 1 
2 8 3 8 54 2 1 3 18 4 1 24 3 4 3 6 3 4 3 5 2 9 531 2 1 1 3 1 127 29 30 10 72 5 19 3 58 1 1 12 63 3 14 77 1 101 16 241 14 21 13 1 57 4 6 11 1 70 3 93 15 8 75 1 49 27 10 1 14 5 6 6 5 10 2 15 78 8 8 4 13 48 5 4 5 4 5 2 1 1 1 5 6 3 3 2 5 2 2 1 5 7 4 13 2 2 1 88 2 54 3 2 2 2 3 2 2 2 2 2 34 76 4 71 20 2 7 11 5 15 35 2 2 20 2 20 8 6 33 28 2 13 22 5 2 1 2 6 9 5 24 2 8 6 19 2 1 2 3 2 2 2 3 1 1 8 5 39 1 4 4 8 10 1038 3 1 19 2 1 4 3 14 3 3 
1 2 1 4 2 1 1 2 5 2 1 6 1 1 3 2 1 1 1 2 1 1 4 1 1 1 1 1 7 7 2 30 7 1 3 1 2 1 1 1 3 1 4 31 1 3 4 5 2 1 4 1 10 1 2 3 1 21 1 30 8 1 5 1 4 4 3 1 1 1 1 2 1 3 3 39 19 3 3 1 5 16 1 1 7 2 2 1 1 1 1 8 2 3 1 1 1 1 1 1 2 2 1 2 1 1 1 4 1 5 1 1 1 1 1 1 1 1 2 1 4 10 1 26 5 1 1 8 3 1 2 2 2 7 1 3 1 2 16 16 1 7 8 1 2 1 1 1 4 2 3 1 2 2 5 1 1 1 1 1 3 1 1 1 1 1 1 23 1 1 1 2 1 35 2 1 1 2 1 1 1 2 1 1 
1 2 1 6 3 1 1 2 9 2 1 9 1 1 4 2 2 1 1 2 1 1 6 1 1 1 1 1 10 13 2 40 11 2 5 1 3 1 1 1 4 1 5 56 1 4 7 7 4 2 7 1 18 2 2 5 1 38 1 53 13 2 8 1 6 6 4 1 2 1 1 2 1 4 4 57 33 5 4 1 7 33 1 2 9 3 2 1 1 1 1 11 3 4 1 1 2 1 2 1 2 2 2 3 1 1 1 5 1 8 1 1 1 1 1 1 1 1 3 1 7 16 1 45 9 1 1 13 4 2 2 3 3 11 1 4 1 4 28 26 1 11 13 1 3 1 1 1 5 2 5 1 3 2 9 1 1 1 1 1 3 1 2 1 1 1 2 39 1 2 1 3 1 53 2 1 2 3 1 2 1 3 1 1 
1 1 1 2 1 1 1 1 2 1 1 2 1 1 1 1 1 1 1 1 1 1 2 1 1 1 1 1 3 2 1 12 2 1 1 1 1 1 1 1 1 1 1 7 1 1 2 2 1 1 2 1 3 1 1 1 1 5 1 7 3 1 2 1 2 2 1 1 1 1 1 1 1 1 2 12 5 2 1 1 2 4 1 1 3 1 1 1 1 1 1 4 1 2 1 1 1 1 1 1 1 1 1 1 1 1 1 2 1 2 1 1 1 1 1 1 1 1 1 1 2 3 1 6 2 1 1 3 1 1 1 1 2 2 1 1 1 1 4 4 1 2 2 1 1 1 1 1 2 1 1 1 1 1 2 1 1 1 1 1 1 1 1 1 1 1 1 5 1 1 1 1 1 13 1 1 1 1 1 1 1 1 1 1 
2 15 3 25 17 3 1 15 14 6 2 14 3 3 14 6 5 2 3 5 1 3 39 1 2 1 5 1 7 19 9 38 67 6 49 3 6 1 1 3 5 4 10 41 2 8 11 10 10 4 23 1 28 3 14 8 1 34 4 39 28 8 35 1 23 45 12 1 3 2 2 5 2 8 27 146 27 17 14 2 24 39 2 5 10 8 15 2 3 1 1 13 12 15 3 2 5 1 7 2 4 5 3 8 2 4 2 4 2 35 3 2 2 5 2 3 3 4 14 3 35 108 2 35 11 4 13 55 14 3 6 8 9 16 2 10 4 15 38 28 3 46 77 3 14 1 2 2 52 5 40 1 6 5 12 2 1 2 3 2 14 2 4 1 1 2 4 56 1 12 7 8 5 19 5 1 3 10 1 4 4 85 6 5 
6 25 6 126 11 7 1 29 40 19 3 36 6 6 72 16 16 2 7 12 1 3 24 2 5 2 8 2 9 50 6 339 91 12 83 6 4 2 2 2 4 9 28 122 3 7 29 8 22 3 80 2 62 7 48 24 2 93 7 106 124 14 44 2 32 78 33 1 2 2 2 12 2 23 123 1463 70 71 54 4 86 113 2 14 55 34 46 4 8 1 1 83 47 75 8 2 11 1 27 2 12 11 8 15 5 8 4 3 5 53 6 3 5 8 3 8 7 13 60 5 61 165 2 102 33 12 17 350 66 3 4 32 28 50 6 20 4 65 138 114 7 229 279 5 63 1 2 2 245 12 63 2 16 11 36 3 2 5 5 4 67 5 13 2 1 3 10 218 1 34 19 22 5 22 18 1 3 46 1 8 13 63 12 9 
2 6 2 31 5 3 1 4 28 7 1 28 2 2 16 8 4 1 3 6 1 2 11 1 2 1 2 1 17 40 3 155 36 4 18 2 4 1 1 2 6 3 18 147 1 7 21 11 12 3 39 1 53 4 9 16 1 101 2 132 76 5 22 1 16 22 17 1 2 2 2 6 2 13 15 379 83 28 25 3 48 100 2 5 26 12 7 2 2 1 1 36 15 15 3 1 4 1 4 1 6 6 4 8 2 2 1 6 2 25 2 1 2 2 2 2 2 3 9 2 25 60 1 119 26 3 3 82 19 2 3 8 6 38 2 12 2 17 123 104 2 72 77 2 10 1 1 2 26 6 18 1 9 5 28 1 1 2 2 2 12 2 4 1 1 2 4 276 1 5 4 12 2 67 6 1 3 11 1 3 3 9 3 2 
2 7 2 18 8 2 1 3 18 5 1 20 2 2 9 6 3 1 2 4 1 2 21 1 1 1 2 1 15 28 5 43 66 4 27 2 5 1 1 2 6 3 12 89 1 9 14 14 11 3 24 1 47 3 8 10 1 70 2 88 33 6 35 1 23 38 12 1 3 2 2 5 2 9 9 125 58 15 12 2 24 69 2 4 10 7 7 2 2 1 1 13 9 8 2 1 5 1 3 1 4 5 3 8 2 2 1 7 2 38 2 1 2 2 2 2 2 3 6 2 51 177 1 74 17 2 3 41 10 3 4 5 3 22 2 12 2 11 62 46 2 39 111 3 6 1 1 2 24 4 29 1 6 4 17 1 1 2 2 2 7 2 3 1 1 2 4 93 1 5 4 8 3 64 4 1 3 6 1 2 3 13 3 2 
2 11 3 18 14 2 1 3 22 5 1 25 3 3 8 7 4 2 3 5 1 3 44 1 2 1 3 1 23 35 8 28 150 6 40 3 9 1 1 3 10 3 15 103 1 15 17 26 14 5 26 1 64 3 9 11 1 85 3 107 33 10 71 1 44 61 14 1 4 2 2 6 2 11 8 89 73 15 13 3 25 79 2 4 7 7 9 2 2 1 1 10 10 7 3 1 5 1 4 1 5 6 4 11 2 2 1 10 2 75 3 2 2 2 2 2 2 3 6 2 66 259 2 88 20 3 3 37 10 4 7 4 3 25 2 17 3 11 64 46 2 38 69 4 6 1 1 2 25 5 50 1 8 5 20 1 1 2 2 2 7 2 3 1 1 3 5 92 1 6 5 9 4 109 4 1 4 6 1 1 3 20 3 3 
1 1 1 2 1 1 1 3 1 1 1 2 1 1 2 1 1 1 1 1 1 1 1 1 1 1 1 1 2 2 1 27 2 1 1 1 1 1 1 1 1 1 1 3 1 1 1 1 1 1 2 1 2 1 1 1 1 3 1 3 2 1 1 1 1 1 1 1 1 1 1 1 1 1 3 22 3 2 1 1 2 2 1 1 6 1 1 1 1 1 1 6 1 2 1 1 1 1 1 1 1 1 1 1 1 1 1 1 1 1 1 1 1 1 1 1 1 1 2 1 1 2 1 3 2 1 2 3 2 1 1 2 3 2 1 1 1 1 3 3 1 2 2 1 2 1 1 1 2 1 1 1 1 1 2 1 1 1 1 1 2 1 1 1 1 1 1 3 1 1 1 1 1 3 1 1 1 2 1 2 1 1 1 1 
2 4 2 33 3 3 1 8 20 7 1 20 2 2 27 6 4 1 3 5 1 1 5 1 2 1 2 1 13 26 2 2428 18 3 11 2 3 1 1 2 4 3 14 90 1 5 17 7 8 2 23 1 30 3 7 15 1 61 2 80 66 4 12 1 9 13 12 1 2 1 2 5 1 10 27 1033 53 29 18 2 27 56 1 4 64 19 6 2 3 1 1 87 14 29 3 1 4 1 5 1 5 5 4 6 2 2 1 5 2 14 2 1 2 2 1 2 2 5 15 2 14 29 1 75 22 4 5 98 33 2 2 14 12 29 3 9 2 17 75 96 2 58 46 2 16 1 1 2 22 5 11 1 7 4 24 1 1 2 2 1 21 2 5 1 1 2 4 112 1 4 3 10 2 41 9 1 2 19 1 5 3 7 2 2 
1 2 1 10 2 1 1 4 7 3 1 8 1 1 7 3 2 1 1 2 1 1 4 1 1 1 1 1 7 10 2 117 9 2 5 1 2 1 1 1 3 2 5 35 1 3 6 4 3 1 8 1 13 2 3 5 1 24 1 32 21 2 6 1 5 6 4 1 1 1 1 2 1 4 9 215 22 10 6 1 9 21 1 2 19 6 3 1 1 1 1 24 5 8 1 1 2 1 2 1 2 2 2 3 1 1 1 3 1 7 1 1 1 1 1 1 1 2 5 1 6 14 1 29 8 2 3 28 8 1 2 5 5 10 1 4 1 5 27 31 1 19 17 1 5 1 1 1 8 2 5 1 3 2 8 1 1 1 1 1 6 1 2 1 1 1 2 40 1 2 2 4 1 23 3 1 1 6 1 2 2 4 1 1 
3 6 3 30 4 3 1 94 11 7 1 9 2 2 57 5 6 1 3 5 1 1 4 1 5 2 3 1 4 11 3 765 10 4 12 2 1 1 1 1 2 4 8 23 2 1 9 2 6 1 16 1 11 4 10 9 2 17 3 20 31 4 6 1 5 11 9 1 1 1 1 4 1 7 357 651 15 21 15 2 18 19 1 5 166 19 9 3 8 1 1 193 13 105 3 1 4 1 14 1 5 4 4 4 2 3 2 3 2 7 2 2 4 3 2 3 3 13 97 2 9 16 1 20 11 8 50 76 31 1 2 65 108 14 6 5 2 17 27 33 3 41 33 2 119 1 1 1 30 4 9 1 6 4 12 2 1 2 2 2 88 3 6 2 1 1 3 37 1 7 5 8 2 5 9 1 1 62 1 27 4 13 4 3 
3 3 2 6 26 2 2 821 3 3 1 3 1 1 19 2 3 4 2 3 3 8 22 2 8 2 3 1 28 3 25 255 2 2 3 2 18 1 1 11 22 2 3 4 2 11 4 23 2 13 3 1 2 3 3 4 11 4 2 5 5 2 3 1 2 2 2 2 14 3 8 2 4 3 94 44 5 5 4 3 3 3 5 2 244 8 3 3 9 1 1 152 4 39 2 1 1 2 8 2 3 2 3 2 2 3 3 68 2 2 1 1 5 3 1 3 2 11 35 2 1 2 5 5 5 6 1310 9 9 10 20 57 522 4 11 2 7 4 4 7 2 5 3 2 42 4 1 8 6 2 2 2 2 2 5 2 2 2 1 1 32 3 3 3 2 4 1 4 1 3 2 3 9 60 5 1 7 32 3 634 2 8 3 3 
1 2 1 3 11 1 1 2 5 2 1 7 1 1 2 2 1 1 1 2 1 2 29 1 1 1 1 1 32 8 6 7 15 2 5 1 11 1 1 3 14 1 4 22 1 17 5 47 4 4 4 1 14 2 2 4 1 19 1 25 6 2 14 1 9 7 3 1 3 2 2 2 2 3 1 7 21 3 3 2 4 13 2 2 4 2 2 1 1 1 1 4 2 2 1 1 2 1 1 1 2 2 2 3 1 1 1 23 1 11 1 1 1 1 1 1 1 1 1 1 8 17 1 20 6 1 4 5 2 3 7 1 2 6 1 5 2 3 11 10 1 5 7 2 1 1 1 2 4 2 6 1 3 2 6 1 1 1 1 1 2 1 1 1 1 2 2 12 1 2 2 3 3 270 2 1 4 2 1 2 1 4 1 1 
1 2 1 7 3 1 1 2 9 2 1 11 1 1 4 3 2 1 1 2 1 1 8 1 1 1 1 1 12 15 2 36 16 2 6 1 3 1 1 2 4 2 6 61 1 5 7 9 5 2 9 1 25 2 3 5 1 45 1 61 15 2 11 1 8 8 5 1 2 1 1 2 1 4 5 60 38 6 5 1 9 39 1 2 9 4 3 1 1 1 1 10 4 5 1 1 2 1 2 1 2 3 2 3 1 1 1 5 1 11 1 1 1 1 1 1 1 2 3 1 10 25 1 50 10 2 1 15 5 2 2 3 2 12 1 5 1 4 33 28 1 14 18 1 3 1 1 1 7 2 7 1 3 2 10 1 1 1 1 1 4 1 2 1 1 1 2 47 1 2 2 4 2 59 2 1 2 3 1 1 1 4 1 1 
1 1 1 1 1 1 1 1 1 1 1 1 1 1 1 1 1 1 1 1 1 1 1 1 1 1 1 1 1 1 1 4 1 1 1 1 1 1 1 1 1 1 1 2 1 1 1 1 1 1 1 1 1 1 1 1 1 2 1 2 1 1 1 1 1 1 1 1 1 1 1 1 1 1 1 4 2 1 1 1 1 2 1 1 2 1 1 1 1 1 1 2 1 1 1 1 1 1 1 1 1 1 1 1 1 1 1 1 1 1 1 1 1 1 1 1 1 1 1 1 1 2 1 2 1 1 1 1 1 1 1 1 1 1 1 1 1 1 2 2 1 1 1 1 1 1 1 1 1 1 1 1 1 1 1 1 1 1 1 1 1 1 1 1 1 1 1 2 1 1 1 1 1 4 1 1 1 1 1 1 1 1 1 1 
8 2 3 15 35 5 3 3536 8 9 2 8 1 1 76 5 7 9 4 7 6 13 23 4 36 6 4 1 81 8 40 1824 1 2 3 2 34 2 2 24 53 4 8 14 3 19 10 45 3 26 6 2 6 7 5 13 66 11 1 14 17 1 2 1 2 2 5 3 36 6 19 5 9 6 401 192 14 14 9 7 7 7 10 5 1939 30 5 8 35 4 3 1062 9 177 4 1 3 3 23 3 7 5 7 3 4 5 7 199 3 1 3 3 20 4 2 7 3 46 145 3 1 1 13 14 14 20 3987 27 32 21 37 316 3754 11 51 4 10 11 12 26 3 13 6 2 177 19 1 20 10 5 2 3 6 5 14 3 3 3 2 1 139 7 9 11 7 8 3 12 2 5 3 8 14 170 16 3 13 148 14 5511 4 9 4 4 
1 2 1 5 3 1 1 4 4 2 1 4 1 1 4 2 1 1 1 2 1 1 6 1 1 1 1 1 3 5 2 22 9 1 6 1 2 1 1 1 2 1 3 13 1 2 3 3 2 1 5 1 7 1 2 3 1 10 1 12 7 2 6 1 4 6 3 1 1 1 1 2 1 2 6 50 9 4 3 1 5 10 1 1 6 2 2 1 1 1 1 7 3 4 1 1 1 1 2 1 2 2 1 2 1 1 1 2 1 6 1 1 1 1 1 1 1 1 3 1 6 15 1 11 4 1 3 12 4 1 2 3 3 5 1 3 1 3 10 9 1 10 13 1 4 1 1 1 8 2 5 1 2 2 4 1 1 1 1 1 4 1 1 1 1 1 1 15 1 2 2 2 1 9 2 1 1 3 1 2 1 5 1 1 
1 3 1 8 4 1 1 4 6 2 1 6 1 1 5 2 2 1 1 2 1 1 8 1 1 1 1 1 5 8 2 28 16 2 9 1 2 1 1 1 3 1 4 22 1 3 5 5 3 2 8 1 12 2 3 4 1 17 1 22 12 2 9 1 6 10 4 1 1 1 1 2 1 3 7 72 15 6 5 1 8 17 1 2 7 3 3 1 1 1 1 9 4 5 1 1 2 1 2 1 2 2 2 3 1 1 1 3 1 9 1 1 1 1 1 1 1 2 4 1 9 26 1 19 6 2 3 19 5 1 2 3 3 7 1 4 1 5 18 15 1 15 32 1 4 1 1 1 11 2 8 1 2 2 6 1 1 1 1 1 5 1 2 1 1 1 2 26 1 3 2 3 2 15 2 1 2 4 1 2 2 6 2 1 
1 1 1 3 2 1 1 2 4 1 1 4 1 1 3 2 1 1 1 1 1 1 3 1 1 1 1 1 5 5 1 31 5 1 3 1 2 1 1 1 2 1 3 20 1 2 3 4 2 1 3 1 7 1 2 3 1 14 1 19 7 1 4 1 3 3 2 1 1 1 1 1 1 2 3 38 13 3 2 1 4 11 1 1 7 2 1 1 1 1 1 8 2 3 1 1 1 1 1 1 1 1 1 2 1 1 1 3 1 4 1 1 1 1 1 1 1 1 2 1 3 7 1 17 4 1 1 7 3 1 1 2 2 5 1 2 1 2 12 15 1 6 6 1 2 1 1 1 3 1 3 1 2 1 4 1 1 1 1 1 2 1 1 1 1 1 1 17 1 1 1 2 1 24 1 1 1 2 1 1 1 2 1 1 
1 2 1 2 10 1 1 4 2 1 1 3 1 1 1 1 1 1 1 1 1 2 28 1 1 1 1 1 7 3 5 1 7 1 3 1 4 1 1 2 4 1 2 6 1 4 2 9 2 2 2 1 5 1 2 2 1 5 1 6 3 2 6 1 4 4 2 1 2 1 1 1 1 2 2 3 5 2 2 1 2 5 1 1 1 1 2 1 1 1 1 1 2 1 1 1 1 1 1 1 1 1 1 2 1 1 1 7 1 5 1 1 1 1 1 1 1 1 1 1 4 8 1 5 2 1 5 3 2 2 3 1 2 2 1 2 2 2 4 3 1 3 4 1 2 1 1 1 3 1 4 1 1 1 2 1 1 1 1 1 1 1 1 1 1 1 1 4 1 1 1 2 2 28 1 1 2 1 1 2 1 4 1 1 
1 1 1 1 1 1 1 1 1 1 1 1 1 1 1 1 1 1 1 1 1 1 1 1 1 1 1 1 1 1 1 1 1 1 1 1 1 1 1 1 1 1 1 1 1 1 1 1 1 1 1 1 1 1 1 1 1 1 1 1 1 1 1 1 1 1 1 1 1 1 1 1 1 1 1 1 1 1 1 1 1 1 1 1 1 1 1 1 1 1 1 1 1 1 1 1 1 1 1 1 1 1 1 1 1 1 1 1 1 1 1 1 1 1 1 1 1 1 1 1 1 1 1 1 1 1 1 1 1 1 1 1 1 1 1 1 1 1 1 1 1 1 1 1 1 1 1 1 1 1 1 1 1 1 1 1 1 1 1 1 1 1 1 1 1 1 1 1 1 1 1 1 1 2 1 1 1 1 1 1 1 1 1 1 
1 2 1 6 2 1 1 4 5 2 1 5 1 1 5 2 1 1 1 2 1 1 3 1 1 1 1 1 5 6 1 102 6 1 3 1 2 1 1 1 2 1 3 20 1 2 4 3 2 1 5 1 8 1 2 3 1 14 1 19 11 1 4 1 3 4 3 1 1 1 1 2 1 3 7 146 13 5 4 1 5 12 1 1 16 4 2 1 1 1 1 20 3 6 1 1 1 1 2 1 2 2 1 2 1 1 1 3 1 4 1 1 1 1 1 1 1 2 4 1 4 8 1 17 5 1 3 16 5 1 1 4 4 6 1 3 1 3 15 18 1 10 9 1 4 1 1 1 5 2 3 1 2 2 5 1 1 1 1 1 5 1 2 1 1 1 1 21 1 2 1 3 1 17 2 1 1 4 1 2 1 2 1 1 
3 15 6 13 117 4 3 4 41 8 2 61 7 8 5 13 5 11 7 12 3 24 380 7 1 1 4 2 517 71 69 20 147 10 34 5 214 1 3 43 260 6 32 196 2 486 40 1168 33 68 26 2 145 8 9 26 2 179 7 246 30 18 173 3 116 51 22 2 49 15 21 13 18 22 2 23 213 14 14 10 25 110 15 7 11 8 9 3 2 1 2 11 10 4 5 3 11 3 3 2 12 17 9 33 5 3 2 332 5 121 6 3 3 4 7 2 3 2 2 4 72 148 12 183 51 3 11 17 8 52 102 3 3 46 3 52 20 10 73 62 4 22 38 13 2 1 3 21 14 12 47 4 18 13 45 2 1 4 5 4 3 3 5 1 1 29 12 82 1 7 6 17 24 4945 6 2 75 3 1 6 4 21 5 4 
1 2 1 2 5 1 1 2 3 1 1 4 1 1 2 1 1 1 1 1 1 1 24 1 1 1 1 1 14 4 3 5 7 1 3 1 5 1 1 2 6 1 2 11 1 7 3 18 2 2 3 1 7 1 1 2 1 9 1 12 3 1 6 1 4 3 2 1 2 1 1 1 1 2 1 5 10 2 2 1 3 7 1 1 3 2 1 1 1 1 1 3 2 1 1 1 1 1 1 1 1 2 1 2 1 1 1 11 1 5 1 1 1 1 1 1 1 1 1 1 4 8 1 10 3 1 3 3 2 2 3 1 2 3 1 3 1 2 6 5 1 3 4 1 1 1 1 1 2 1 3 1 2 1 3 1 1 1 1 1 1 1 1 1 1 1 1 6 1 1 1 2 2 116 1 1 2 1 1 2 1 2 1 1 
1 1 1 2 1 1 1 3 2 1 1 2 1 1 2 1 1 1 1 1 1 1 1 1 1 1 1 1 2 2 1 63 2 1 1 1 1 1 1 1 1 1 1 4 1 1 1 1 1 1 2 1 2 1 1 1 1 3 1 4 2 1 2 1 1 2 1 1 1 1 1 1 1 1 3 25 3 2 1 1 2 3 1 1 7 1 1 1 1 1 1 8 1 3 1 1 1 1 1 1 1 1 1 1 1 1 1 1 1 2 1 1 1 1 1 1 1 1 2 1 2 2 1 3 2 1 2 3 2 1 1 2 3 2 1 1 1 1 3 3 1 2 2 1 2 1 1 1 2 1 1 1 1 1 2 1 1 1 1 1 2 1 1 1 1 1 1 4 1 1 1 1 1 4 1 1 1 2 1 2 1 1 1 1 
3 3 2 8 12 2 1 676 4 4 1 3 1 1 24 3 3 2 2 3 2 4 9 2 7 2 3 1 14 3 11 364 2 2 3 2 8 1 1 5 10 2 3 5 2 5 4 9 2 6 4 1 3 3 4 5 5 4 2 5 8 1 1 1 1 2 3 1 7 2 4 2 3 3 115 80 5 7 5 2 5 4 3 3 263 10 4 3 8 1 1 180 5 47 2 1 2 1 9 2 3 2 3 2 2 3 3 27 2 1 2 2 5 3 1 3 2 11 41 2 2 2 3 5 5 6 621 15 12 5 9 61 551 5 9 2 4 6 6 10 2 8 5 1 49 2 1 4 8 2 2 1 3 2 5 2 1 2 1 1 39 3 4 3 1 2 2 6 1 4 3 4 5 25 6 1 4 36 2 444 3 7 3 3 
1 1 1 1 1 1 1 3 1 1 1 1 1 1 1 1 1 1 1 1 1 1 2 1 1 1 1 1 2 1 1 10 1 1 1 1 1 1 1 1 1 1 1 2 1 1 1 2 1 1 1 1 1 1 1 1 1 1 1 2 1 1 1 1 1 1 1 1 1 1 1 1 1 1 2 5 1 1 1 1 1 1 1 1 4 1 1 1 1 1 1 4 1 2 1 1 1 1 1 1 1 1 1 1 1 1 1 2 1 1 1 1 1 1 1 1 1 1 1 1 1 1 1 2 1 1 4 2 1 1 1 1 3 1 1 1 1 1 1 2 1 1 1 1 1 1 1 1 1 1 1 1 1 1 1 1 1 1 1 1 1 1 1 1 1 1 1 2 1 1 1 1 1 4 1 1 1 1 1 2 1 1 1 1 
1 3 2 15 3 2 1 5 9 3 1 10 1 1 9 3 2 1 2 3 1 1 7 1 1 1 2 1 7 13 2 72 18 2 10 1 2 1 1 1 3 2 6 40 1 4 7 5 5 2 13 1 18 2 5 6 1 29 2 37 23 3 11 1 8 12 6 1 2 1 1 3 1 5 12 194 25 11 8 2 14 29 1 2 14 5 4 1 2 1 1 18 6 9 2 1 2 1 3 1 3 3 2 4 1 1 1 3 1 11 1 1 1 1 1 1 1 2 6 1 11 30 1 33 9 2 3 61 9 2 2 5 5 12 2 5 1 8 33 30 1 40 40 2 7 1 1 1 17 3 9 1 4 2 10 1 1 1 1 1 8 1 2 1 1 1 2 52 1 3 2 5 2 20 3 1 2 6 1 2 2 7 2 2 
1 1 1 2 2 1 1 2 2 1 1 2 1 1 1 1 1 1 1 1 1 1 3 1 1 1 1 1 2 2 1 4 3 1 2 1 1 1 1 1 1 1 1 3 1 1 1 2 1 1 2 1 2 1 1 1 1 3 1 4 2 1 2 1 2 2 1 1 1 1 1 1 1 1 2 8 3 1 1 1 2 3 1 1 2 1 1 1 1 1 1 2 1 2 1 1 1 1 1 1 1 1 1 1 1 1 1 2 1 2 1 1 1 1 1 1 1 1 1 1 2 4 1 3 2 1 2 3 1 1 1 1 2 2 1 1 1 1 3 3 1 2 3 1 1 1 1 1 2 1 2 1 1 1 2 1 1 1 1 1 1 1 1 1 1 1 1 3 1 1 1 1 1 5 1 1 1 1 1 1 1 2 1 1 
1 5 1 8 6 1 1 5 6 2 1 6 1 1 5 3 2 1 1 2 1 2 13 1 1 1 2 1 5 8 3 21 21 2 13 1 3 1 1 2 3 2 4 20 1 4 5 6 4 2 8 1 12 2 4 4 1 17 2 20 11 3 12 1 8 13 4 1 2 1 1 2 1 4 9 60 14 6 5 1 8 17 1 2 6 4 4 1 1 1 1 7 4 6 2 1 2 1 2 1 2 2 2 3 1 1 1 3 1 12 1 1 1 2 1 1 1 2 5 1 11 34 1 18 6 2 5 19 5 2 3 3 4 7 1 4 2 5 17 13 1 16 24 2 5 1 1 1 14 2 11 1 3 2 6 1 1 1 1 1 5 1 2 1 1 1 2 24 1 4 2 3 2 14 2 1 2 4 1 2 2 11 2 2 
1 5 2 11 7 2 1 7 7 3 1 7 2 2 7 3 2 1 2 2 1 2 15 1 1 1 2 1 5 10 4 25 26 3 17 2 3 1 1 2 3 2 5 23 1 4 6 6 5 2 10 1 14 2 5 5 1 19 2 22 14 3 14 1 10 16 5 1 2 1 1 3 1 4 11 76 16 8 6 2 11 20 1 2 7 4 5 1 2 1 1 9 5 7 2 1 2 1 3 1 2 3 2 4 1 2 1 3 1 15 2 1 1 2 1 2 2 2 6 2 14 42 1 20 7 2 6 24 7 2 3 4 5 9 2 5 2 6 20 16 2 20 31 2 6 1 1 1 18 2 14 1 3 2 7 1 1 1 1 1 6 1 2 1 1 1 2 29 1 4 3 4 2 14 3 1 2 5 1 2 2 21 2 2 
